Epoch	AUC_dev	PR_AUC	ACC	BACC	PREC	TPR	KAPPA	RECALL
0	0.7374826409168191	0.7411984441490284	0.6516310914216673	0.6488345079105504	0.7324675324675325	0.46116107931316436	0.2992967177661222	0.46116107931316436
1	0.7904586691585873	0.7944872283471203	0.7168747482883608	0.7150890991447001	0.7777777777777778	0.5952575633687653	0.4316655167889205	0.5952575633687653
2	0.8086584511155239	0.80963672446683	0.7257349979863069	0.7239393113473245	0.7901498929336188	0.6034341782502044	0.449437968108927	0.6034341782502044
3	0.8187705226544149	0.8176459653737538	0.725332259363673	0.7233143843528145	0.8015607580824972	0.5878986099754702	0.4483836270781635	0.5878986099754702
4	0.8243118015808122	0.8234854532686713	0.7249295207410391	0.7225814092330854	0.8206650831353919	0.5650040883074408	0.44720836621452786	0.5650040883074408
5	0.8314760736674063	0.8306839870933391	0.7321788159484495	0.7301084374878324	0.8141891891891891	0.5911692559280458	0.46207524518946497	0.5911692559280458
6	0.8330925774507132	0.8302141468382969	0.7313733387031817	0.7292187439162092	0.8180778032036613	0.5846279640228945	0.4603663612841381	0.5846279640228945
7	0.8342188088099781	0.8343292378395527	0.7442609746274668	0.7427335202273877	0.8006134969325154	0.6402289452166803	0.48689916186527693	0.6402289452166803
8	0.8390387934950486	0.8376283684348556	0.7478856222311719	0.7461969006735973	0.8138801261829653	0.6328699918233851	0.49400695856890986	0.6328699918233851
9	0.8467484977092501	0.845099796981964	0.7535239629480467	0.7518605043543719	0.8198952879581152	0.6402289452166803	0.5053469286247203	0.6402289452166803
10	0.8443399654765149	0.8434784992503654	0.7579540877970198	0.7566337655258342	0.8073122529644269	0.6680294358135732	0.5145710054118972	0.6680294358135732
11	0.8527112616646549	0.8514341320099554	0.7643979057591623	0.7630069825695336	0.819	0.669664758789861	0.5274259859993252	0.669664758789861
12	0.8521531752521123	0.8506579503696357	0.7672170761175997	0.7660008565977494	0.8134110787172012	0.6843826655764513	0.5332436575991404	0.6843826655764513
13	0.8576678477332607	0.8532006339932245	0.7724526782118405	0.7712556295344521	0.8187984496124031	0.6909239574816026	0.5437581080057095	0.6909239574816026
14	0.8636562447273811	0.8609335851347242	0.7768828030608136	0.7756807356357642	0.8244422890397672	0.6950122649223222	0.5526353104015278	0.6950122649223222
15	0.8661007930018559	0.8646103246533459	0.7784937575513492	0.7772800425703124	0.827016520894072	0.695829926410466	0.5558546914870712	0.695829926410466
16	0.8694762423912055	0.8667062714711966	0.774869109947644	0.7739367155965684	0.8085501858736059	0.7113654946852003	0.5488420199309545	0.7113654946852003
17	0.8725093771496061	0.8713130944416195	0.7893677003624647	0.788594595646926	0.8176043557168784	0.7367130008176614	0.5780288631976196	0.7367130008176614
18	0.8751281651935782	0.8732603325846277	0.7921868707209021	0.7916244857168815	0.810905892700088	0.7538838920686836	0.5838517749574669	0.7538838920686836
19	0.8811600410128619	0.8785360383371996	0.7933950865888039	0.7925028228789471	0.8280961182994455	0.7326246933769419	0.5859975955092772	0.7326246933769419
20	0.8853641838310686	0.8826838198564781	0.8006443817962142	0.8002099313423925	0.8143350604490501	0.7710547833197057	0.6008887647728325	0.7710547833197057
21	0.8855517268231905	0.8832833692193984	0.7966169955698752	0.7962176666796454	0.8084192439862543	0.7694194603434178	0.5928552619231847	0.7694194603434178
22	0.8893755921556412	0.8868134415379655	0.8054772452678212	0.805115900271256	0.8162393162393162	0.7808667211774325	0.6106203281234832	0.7808667211774325
23	0.893085568923672	0.8908156474096636	0.8050745066451873	0.8044069358460201	0.8302055406613047	0.759607522485691	0.6095749602353651	0.759607522485691
24	0.8944421731625329	0.8935290029908712	0.8066854611357229	0.8062103336837597	0.8227628149435273	0.7743254292722813	0.6129504925801222	0.7743254292722813
25	0.8943458059157159	0.8931864947472338	0.8034635521546516	0.8026995807862529	0.8331822302810517	0.7514309076042518	0.6062725831188749	0.7514309076042518
26	0.8986625394229648	0.8972858526618749	0.8115183246073299	0.8110202598346508	0.8291194420226679	0.777596075224857	0.622608591727322	0.777596075224857
27	0.8998221910732132	0.8992191475720969	0.8123238018525977	0.811741878544822	0.8340688437775816	0.7726901062959934	0.6241581482672487	0.7726901062959934
28	0.9003442614440161	0.8987822171941409	0.8074909383809907	0.8067278614907396	0.8377153218495014	0.7555192150449714	0.6143407678910291	0.7555192150449714
29	0.9010162364209788	0.8992130899041462	0.815142972211035	0.8144956456281067	0.8404634581105169	0.7710547833197057	0.6297548943010302	0.7710547833197057
30	0.9003410167555712	0.8994720071373484	0.8139347563431333	0.8135452763825617	0.8266094420600858	0.7874080130825838	0.6275275065312386	0.7874080130825838
31	0.8994263390829211	0.8998809510428053	0.8163511880789368	0.8156020843878571	0.8470588235294118	0.7653311529026983	0.6320996206777112	0.7653311529026983
32	0.9056713909330426	0.9059334011393	0.8223922674184454	0.8218305883269088	0.8441901408450704	0.7841373671300081	0.6443341612691682	0.7841373671300081
33	0.9103836519617386	0.9102225926825361	0.8231977446637132	0.8227803086347649	0.8379310344827586	0.794766966475879	0.6460492481399545	0.794766966475879
34	0.9104959181819361	0.9112277957842373	0.8264196536447845	0.8259909278511077	0.8419689119170984	0.7972199509403107	0.6524910254890723	0.7972199509403107
35	0.9093031707095486	0.909330441286798	0.8268223922674185	0.8263277265117004	0.8456843940714909	0.7931316434995912	0.6532514838520266	0.7931316434995912
36	0.911198393230282	0.912790969954795	0.8276278695126863	0.8271934093888305	0.8435609334485739	0.7980376124284546	0.6549057352481784	0.7980376124284546
37	0.9117292242598866	0.9123573580238888	0.833266210229561	0.8330010772365637	0.8413502109704641	0.8152085036794767	0.6663061254566549	0.8152085036794767
38	0.9109605575672625	0.9119099590840656	0.8292388240032219	0.8288887591013511	0.8411614005123825	0.8053965658217498	0.658188410784809	0.8053965658217498
39	0.9096522991862321	0.9095759296841608	0.8219895287958116	0.821469778971823	0.8416447944007	0.7865903515944399	0.6435576485872037	0.7865903515944399
40	0.9124858856052642	0.9122640819339126	0.8264196536447845	0.825930901114875	0.8449477351916377	0.7931316434995912	0.6524492682316911	0.7931316434995912
41	0.9161676335838234	0.9165324741840006	0.8336689488521949	0.8331457903412114	0.8546409807355516	0.7980376124284546	0.6669401353637572	0.7980376124284546
42	0.9142776025646018	0.914068943098305	0.8344744260974627	0.8341555373853002	0.8452380952380952	0.812755519215045	0.668688383073812	0.812755519215045
43	0.9144901296577502	0.9150548550722734	0.8276278695126863	0.8274095056392685	0.8331936295054484	0.812755519215045	0.6550549361377542	0.812755519215045
44	0.914110176640839	0.9144085154510524	0.8284333467579541	0.8281911510856728	0.8351555929352397	0.8119378577269011	0.6566503348912034	0.8119378577269011
45	0.9137973886747395	0.9144267182430843	0.833266210229561	0.8330611039727965	0.8384937238493724	0.8192968111201963	0.666346200036093	0.8192968111201963
46	0.9138285376838117	0.9144240938223249	0.8292388240032219	0.8291168606990357	0.8304383788254756	0.820932134096484	0.6583443725372731	0.820932134096484
47	0.9129725888720165	0.9136552140871187	0.8308497784937575	0.8303560072161871	0.8500435919790759	0.7972199509403107	0.661315402832212	0.7972199509403107
48	0.9151887110799622	0.9158093212288211	0.8268223922674185	0.8263997585951797	0.8421052631578947	0.7980376124284546	0.6533014762994578	0.7980376124284546
49	0.915833755142831	0.9157411898164243	0.8276278695126863	0.8272534361250632	0.8406169665809768	0.8021259198691741	0.6549471928849361	0.8021259198691741
50	0.9128434502719048	0.9130451687662973	0.8268223922674185	0.8265798388038781	0.8334735071488646	0.8103025347506132	0.6534263943737499	0.8103025347506132
51	0.9152198600890342	0.9150442809467056	0.828836085380588	0.8284078962737997	0.844559585492228	0.7996729354047425	0.6573287374312198	0.7996729354047425
52	0.9140277615543356	0.9140888389735586	0.8300443012484897	0.8296103778115225	0.8461538461538461	0.8004905968928864	0.6597435053147928	0.8004905968928864
53	0.9149083699983127	0.914417690123934	0.8300443012484897	0.8296103778115225	0.8461538461538461	0.8004905968928864	0.6597435053147928	0.8004905968928864
54	0.9159171436358682	0.9149650794714379	0.833266210229561	0.832833002375112	0.8496110630942092	0.803761242845462	0.6661938654036119	0.803761242845462
55	0.9149310828174279	0.9150019863945276	0.8340716874748288	0.8338427494192008	0.8404701931150294	0.8184791496320524	0.6679421028987502	0.8184791496320524
56	0.9145478851120715	0.914999309159839	0.8284333467579541	0.8279630494879882	0.8462206776715899	0.7964022894521668	0.6564935621648584	0.7964022894521668
57	0.9174252748251112	0.9175989040705193	0.8308497784937575	0.8305360874248855	0.8411214953271028	0.8094848732624693	0.6614374510187133	0.8094848732624693
58	0.9173136575426027	0.9175497976357745	0.8304470398711237	0.8300552245973342	0.8445017182130584	0.803761242845462	0.6605783470686352	0.803761242845462
59	0.9161955379044504	0.9169671153871533	0.8296415626258559	0.8292855844981765	0.8418803418803419	0.8053965658217498	0.6589904736982057	0.8053965658217498
60	0.916402224558398	0.9164011442488328	0.833266210229561	0.8328810237640982	0.8472103004291845	0.8070318887980377	0.6662259474111099	0.8070318887980377
61	0.9178315098184272	0.9180671532359861	0.833266210229561	0.8329050344585913	0.8460222412318221	0.8086672117743254	0.666241986102426	0.8086672117743254
62	0.9174914664693896	0.9187399102212749	0.8360853805879984	0.8359349245285468	0.8388704318936877	0.8258381030253475	0.6720231386086912	0.8258381030253475
63	0.9165985282093214	0.9174653749416193	0.8320579943616593	0.8318346117405806	0.8380872483221476	0.8168438266557645	0.6639163104024814	0.8168438266557645
64	0.917034938805176	0.9168253565680293	0.833266210229561	0.8329290451530844	0.8448422847399829	0.8103025347506132	0.6662580232524163	0.8103025347506132
65	0.915605978013991	0.9163330273824085	0.8348771647200967	0.8346964269490844	0.8390325271059216	0.8225674570727719	0.6695857805335286	0.8225674570727719
66	0.9175320250749524	0.9183440626913937	0.837696335078534	0.8375342314630949	0.8410981697171381	0.8266557645134914	0.6752386989023371	0.8266557645134914
67	0.9186890809744448	0.9170004664361833	0.8356826419653645	0.8352619761450506	0.8515962036238136	0.8070318887980377	0.6710395403027414	0.8070318887980377
68	0.9167120923048969	0.9154162595834152	0.837696335078534	0.8373781619488896	0.8486394557823129	0.8160261651676206	0.6751372709945163	0.8160261651676206
69	0.9166270814676374	0.9164103129485508	0.833266210229561	0.8329290451530844	0.8448422847399829	0.8103025347506132	0.6662580232524163	0.8103025347506132
70	0.917453503614583	0.9154005446957407	0.8401127668143374	0.8400112266220198	0.8407590759075908	0.8331970564186427	0.6801122680674322	0.8331970564186427
71	0.9144489221144985	0.9146577688391145	0.8280306081353201	0.8275542187439162	0.8460869565217392	0.7955846279640229	0.6556830718039632	0.7955846279640229
72	0.9184596815013821	0.9184572535347358	0.8364881192106323	0.8362957338836325	0.8412698412698413	0.8233851185609158	0.6728014753660989	0.8233851185609158
73	0.9179969889291231	0.9181998563549725	0.8368908578332662	0.8367645913639372	0.8385761589403974	0.8282910874897792	0.6736504938493966	0.8282910874897792
74	0.9189778582460512	0.9182970997818785	0.8368908578332662	0.8366445378914716	0.8442760942760943	0.8201144726083401	0.6735721021273005	0.8201144726083401
75	0.918309452426378	0.9184231574385912	0.838099073701168	0.8381471531103584	0.8318512530315278	0.8413736713000818	0.676180657250433	0.8413736713000818
76	0.9180060740567692	0.9169918001305417	0.8372935964559001	0.8373054809277214	0.8326563769293257	0.8381030253475061	0.6745461765667744	0.8381030253475061
77	0.9150255032511776	0.9141366974760241	0.8312525171163915	0.8311370037249024	0.8322314049586776	0.8233851185609158	0.6623773843664033	0.8233851185609158
78	0.9154375786836948	0.9142793876494756	0.8364881192106323	0.8365478461758102	0.8297013720742534	0.8405560098119379	0.6729664252216994	0.8405560098119379
79	0.9164541395735182	0.9150808657001219	0.8320579943616593	0.8320026866020325	0.830327868852459	0.8282910874897792	0.6640292889106507	0.8282910874897792
80	0.9147912367454477	0.9134300646181304	0.8280306081353201	0.8278783631195732	0.8305647840531561	0.8176614881439084	0.6559063395231232	0.8176614881439084
81	0.9168714065075472	0.9165381472786195	0.8320579943616593	0.8320387026437721	0.8287112561174551	0.830744071954211	0.6640534887093775	0.830744071954211
82	0.9151202481537724	0.9143497092860997	0.8320579943616593	0.8316785422263754	0.8456260720411664	0.8062142273098937	0.6638113337301058	0.8062142273098937
83	0.9149437371023634	0.9144228766896397	0.8348771647200967	0.8345043413931394	0.8483290488431876	0.8094848732624693	0.669458759539308	0.8094848732624693
84	0.9161063089722126	0.9155315182826593	0.8328634716069271	0.8322801074640813	0.8568904593639576	0.7931316434995912	0.665287032095506	0.7931316434995912
85	0.9180047761813912	0.9177540111097016	0.8389045509464358	0.8387727290425573	0.8409279204639603	0.8299264104660671	0.6776756297852122	0.8299264104660671
86	0.9176115199418552	0.9176998385759403	0.8385018123238018	0.8383158769094992	0.8430717863105175	0.8258381030253475	0.676834894767505	0.8258381030253475
87	0.9173947747537282	0.9160154035190897	0.8336689488521949	0.8333979026333891	0.8420608108108109	0.8152085036794767	0.667108151001926	0.8152085036794767
88	0.9175349452945528	0.9176660666352431	0.8372935964559001	0.8372094381497488	0.837037037037037	0.8315617334423548	0.674483655583477	0.8315617334423548
89	0.91643337356747	0.916300687744632	0.8344744260974627	0.8344556710664642	0.8311582381729201	0.8331970564186427	0.6688872514617605	0.8331970564186427
90	0.9205914418097575	0.9205190416835668	0.8368908578332662	0.8366565432387182	0.8436974789915966	0.820932134096484	0.6735799429941971	0.820932134096484
91	0.9173908811275941	0.916398170757845	0.8409182440596054	0.8409249308881361	0.8365853658536585	0.8413736713000818	0.6817925656807644	0.8413736713000818
92	0.9176066529091877	0.9168392925823398	0.8368908578332662	0.8368966501836494	0.832520325203252	0.8372853638593623	0.6737366812676192	0.8372853638593623
93	0.9187114693247155	0.918283696074417	0.8385018123238018	0.8383038715622526	0.8436454849498328	0.8250204415372036	0.676827132832905	0.8250204415372036
94	0.92062551103843	0.9200230828147083	0.8352799033427306	0.8351772897766356	0.8358085808580858	0.8282910874897792	0.6704431174800498	0.8282910874897792
95	0.9204665213046244	0.9205682737823498	0.8397100281917036	0.8396384119196875	0.8389482333607231	0.8348323793949305	0.6793257570890192	0.8348323793949305
96	0.9201076587626056	0.9200085287907553	0.8336689488521949	0.8333258705499098	0.8455631399317406	0.8103025347506132	0.6670601638337793	0.8103025347506132
97	0.9182192500876065	0.9183903130691321	0.842126459927507	0.842043374995133	0.8419753086419753	0.8364677023712184	0.6841524578928786	0.8364677023712184
98	0.917691014808758	0.9174095483745297	0.8429319371727748	0.8428130150942906	0.8444995864350703	0.8348323793949305	0.6857412860602277	0.8348323793949305
99	0.9188422302690495	0.9188521161018427	0.8320579943616593	0.831798595698841	0.8397976391231029	0.8143908421913328	0.6638920908358169	0.8143908421913328
100	0.9182513725032123	0.917785170247839	0.8364881192106323	0.8360316162442083	0.8542931483087598	0.8053965658217498	0.6726284921915846	0.8053965658217498
101	0.9175878337162064	0.9175978012533671	0.8385018123238018	0.8386520266324028	0.8277511961722488	0.848732624693377	0.6770520776606197	0.848732624693377
102	0.9174122960713313	0.9173659872732226	0.8385018123238018	0.8383398876039923	0.8419301164725458	0.8274734260016353	0.6768504175182064	0.8274734260016353
103	0.9194275720645304	0.9185504594817053	0.8352799033427306	0.8351652844293891	0.8363636363636363	0.8274734260016353	0.6704352033552718	0.8274734260016353
104	0.9199288764292853	0.9186664287629931	0.8393072895690696	0.8389054367999584	0.8545611015490534	0.8119378577269011	0.6783076160266104	0.8119378577269011
105	0.9204580851146673	0.919800177436995	0.8360853805879984	0.8358148710560811	0.8445945945945946	0.8176614881439084	0.671944352198024	0.8176614881439084
106	0.919362029357941	0.9188996369637196	0.8340716874748288	0.8340468403223922	0.8310204081632653	0.8323793949304987	0.6680776396366814	0.8323793949304987
107	0.917577126244338	0.9172504961861938	0.8328634716069271	0.8326282625342314	0.8394957983193277	0.8168438266557645	0.6655201885002267	0.8168438266557645
108	0.9177763501148619	0.9174628278827587	0.8413209826822392	0.8411896974652493	0.8434134217067109	0.8323793949304987	0.682510495338434	0.8323793949304987
109	0.9194444444444444	0.9193169418178999	0.8360853805879984	0.8359229191813002	0.8394342762063228	0.8250204415372036	0.6720152616705986	0.8250204415372036
110	0.9210015704292074	0.9200639791144047	0.8413209826822392	0.8410096172565511	0.8521665250637214	0.8201144726083401	0.6823960850032692	0.8201144726083401
111	0.918623213799011	0.9188911081817185	0.837696335078534	0.837450194032369	0.8451178451178452	0.820932134096484	0.6751840917464249	0.820932134096484
112	0.9181569520694622	0.9197419253353277	0.837696335078534	0.8374862100741087	0.8433835845896147	0.8233851185609158	0.6752074970617228	0.8233851185609158
113	0.9206745058339498	0.9194951109894532	0.8320579943616593	0.8317745850043479	0.8409475465313029	0.812755519215045	0.6638759425186572	0.812755519215045
114	0.9190262041038819	0.9188180610582639	0.8360853805879984	0.835790860361588	0.8457627118644068	0.8160261651676206	0.671928590373426	0.8160261651676206
115	0.9168658905371907	0.9173678857459386	0.8364881192106323	0.8367639424262483	0.8203921568627451	0.8552739165985282	0.6731076784989318	0.8552739165985282
116	0.9150037638385962	0.9152563050240065	0.8364881192106323	0.8364758140923308	0.8329258353708231	0.8356500408830744	0.6729193136645439	0.8356500408830744
117	0.9161280483847941	0.916460207323969	0.8364881192106323	0.8363317499253722	0.8395677472984207	0.8258381030253475	0.6728250498179292	0.8258381030253475
118	0.9177520149515244	0.9177014444121818	0.8368908578332662	0.8366445378914716	0.8442760942760943	0.8201144726083401	0.6735721021273005	0.8201144726083401
119	0.9210333683759686	0.9205195736765671	0.842529198550141	0.8423441576139858	0.8472454090150251	0.8299264104660671	0.6848938749478666	0.8299264104660671
120	0.9185680540954458	0.9171624875083669	0.8401127668143374	0.8401312800944853	0.8352272727272727	0.8413736713000818	0.680189067035483	0.8413736713000818
121	0.915380147698218	0.9157586901965294	0.8372935964559001	0.8371013900245299	0.8421052631578947	0.8242027800490597	0.6744132907583842	0.8242027800490597
122	0.915588456696388	0.9155891249393888	0.833266210229561	0.8328450077223586	0.8490077653149266	0.8045789043336059	0.6662018864836641	0.8045789043336059
123	0.9191465820451921	0.918652307925117	0.837696335078534	0.8376062635465742	0.8377265238879736	0.8315617334423548	0.6752854904243765	0.8315617334423548
124	0.9182169788056951	0.9168468963168718	0.8364881192106323	0.8361156536749341	0.8500428449014568	0.8111201962387572	0.6726835521291683	0.8111201962387572
125	0.918100494490519	0.9170469179811728	0.838099073701168	0.8380991317213722	0.8340113913751017	0.8381030253475061	0.6761495589812672	0.8381030253475061
126	0.9171741359394671	0.9159458023661524	0.8356826419653645	0.8356341419096938	0.8337428337428338	0.8323793949304987	0.6712844018240778	0.8323793949304987
127	0.916712741242586	0.9166424196214086	0.8340716874748288	0.8337587119884748	0.8445199660152931	0.812755519215045	0.6678862614754998	0.812755519215045
128	0.9157146750768992	0.9146504074856789	0.8320579943616593	0.8317145582681151	0.8438566552901023	0.8086672117743254	0.6638355649362856	0.8086672117743254
129	0.9191423639502134	0.9181463433572667	0.8348771647200967	0.8346964269490844	0.8390325271059216	0.8225674570727719	0.6695857805335286	0.8225674570727719
130	0.9176903658710689	0.9164879885610362	0.8328634716069271	0.8327122999649574	0.8355481727574751	0.8225674570727719	0.665576418974464	0.8225674570727719
131	0.9143386027073679	0.9138405945772669	0.8316552557390253	0.8315218237744813	0.8334714167357083	0.8225674570727719	0.6631710331255468	0.8225674570727719
132	0.9160686705862503	0.9143748634640896	0.8308497784937575	0.8306081195083648	0.8376787216148024	0.8143908421913328	0.6614862456673836	0.8143908421913328
133	0.9180440369115758	0.9154087565686113	0.837696335078534	0.8375102207686018	0.842237061769616	0.8250204415372036	0.6752230987314327	0.8250204415372036
134	0.9167565445365936	0.9150788998240057	0.833266210229561	0.8329890718893171	0.841927303465765	0.8143908421913328	0.6662981093855503	0.8143908421913328
135	0.91779711612091	0.916918769636871	0.8324607329842932	0.8323634959571182	0.832646331409728	0.8258381030253475	0.6648068042796089	0.8258381030253475
136	0.9185722721904244	0.916850997844229	0.8393072895690696	0.8392535918701086	0.8377049180327869	0.8356500408830744	0.6785316217634283	0.8356500408830744
137	0.9191855183065322	0.9181784573298618	0.8312525171163915	0.8308008540019988	0.8483535528596187	0.8004905968928864	0.6621502126870531	0.8004905968928864
138	0.9144482731768097	0.9118015382640379	0.8324607329842932	0.832423522693351	0.8299264104660671	0.8299264104660671	0.6648470453867019	0.8299264104660671
139	0.9154171371464912	0.9160479951221032	0.8320579943616593	0.8317145582681151	0.8438566552901023	0.8086672117743254	0.6638355649362856	0.8086672117743254
140	0.916423639502135	0.9151118241657434	0.833266210229561	0.832833002375112	0.8496110630942092	0.803761242845462	0.6661938654036119	0.803761242845462
141	0.917877908863191	0.9168078058130433	0.8252114377768828	0.824788446313385	0.8403796376186368	0.7964022894521668	0.6500763737534063	0.7964022894521668
142	0.9180897870186504	0.916522448681928	0.837696335078534	0.837450194032369	0.8451178451178452	0.820932134096484	0.6751840917464249	0.820932134096484
143	0.9174109981959533	0.9149651188451001	0.8324607329842932	0.8323995119988579	0.8310090237899918	0.8282910874897792	0.6648309501033807	0.8282910874897792
144	0.9177883554621085	0.9157853973732952	0.8401127668143374	0.8396870822463627	0.8566493955094991	0.8111201962387572	0.6799047264945748	0.8111201962387572
145	0.9175683655855364	0.917464872764765	0.8372935964559001	0.8368612830795987	0.8539325842696629	0.8078495502861816	0.6742568155146358	0.8078495502861816
146	0.9194061571207932	0.9177482059056945	0.842126459927507	0.8419953536061467	0.844241922120961	0.8331970564186427	0.684122117189508	0.8331970564186427
147	0.9184009526405275	0.9174630473634617	0.8389045509464358	0.8387847343898038	0.8403639371381307	0.830744071954211	0.6776833703181822	0.830744071954211
148	0.9177088605952057	0.9172264497027206	0.8409182440596054	0.8406728185959584	0.8484848484848485	0.8242027800490597	0.6816320502229227	0.8242027800490597
149	0.917771807551039	0.9176624278956751	0.8417237213048732	0.8415024854313489	0.8481543624161074	0.8266557645134914	0.6832592565663673	0.8266557645134914
150	0.9190807148697583	0.9181315182585464	0.8405155054369714	0.8404800841023246	0.8381030253475061	0.8381030253475061	0.680960168204649	0.8381030253475061
151	0.9169223481161338	0.9160052914063657	0.8360853805879984	0.835874897792314	0.8417085427135679	0.821749795584628	0.6719837501342958	0.821749795584628
152	0.916214032628587	0.9152263503438569	0.8348771647200967	0.8344683253513998	0.8501291989664083	0.8070318887980377	0.6694349322296639	0.8070318887980377
153	0.9161458941712417	0.9151993767694256	0.8324607329842932	0.8321353943594336	0.843404255319149	0.8103025347506132	0.664653799902863	0.8103025347506132
154	0.917460641929162	0.9162887270045429	0.8352799033427306	0.8352133058183753	0.8341543513957307	0.830744071954211	0.6704668575739631	0.830744071954211
155	0.9157652922166413	0.9155831351253212	0.828836085380588	0.8284319069682928	0.8433734939759037	0.8013082583810303	0.6573452050408757	0.8013082583810303
156	0.9165044322444158	0.9166835270015667	0.8328634716069271	0.8327363106594505	0.8344370860927153	0.8242027800490597	0.6655924813518508	0.8242027800490597
157	0.9182617555062361	0.9169937056650945	0.8364881192106323	0.8362116964529065	0.8453085376162299	0.8176614881439084	0.6727464550979069	0.8176614881439084
158	0.9178934833677269	0.9170976023591505	0.8352799033427306	0.8351052576931564	0.8391666666666666	0.8233851185609158	0.6703956270290989	0.8233851185609158
159	0.9181757712624434	0.9174766530159971	0.8348771647200967	0.8345763734766187	0.8447837150127226	0.8143908421913328	0.6695064038551689	0.8143908421913328
160	0.9156007865124791	0.9142296570054124	0.8280306081353201	0.8277823203416008	0.835016835016835	0.8111201962387572	0.6558402163169317	0.8111201962387572
161	0.9164943737102363	0.9162060049402386	0.8348771647200967	0.8345523627821256	0.8459574468085106	0.812755519215045	0.6694905239427256	0.812755519215045
162	0.9181835585147115	0.9184605225400266	0.8340716874748288	0.8338667601136939	0.8393305439330544	0.8201144726083401	0.6679580541421989	0.8201144726083401
163	0.9166812677646692	0.9154627661372047	0.8352799033427306	0.8350092149151838	0.84375	0.8168438266557645	0.670332285132658	0.8168438266557645
164	0.9160148087580632	0.9161402545183122	0.8352799033427306	0.8352253111656218	0.8336065573770491	0.8315617334423548	0.6704747701785518	0.8315617334423548
165	0.9173989928487066	0.9155313767740776	0.8372935964559001	0.8370173525938039	0.8461538461538461	0.8184791496320524	0.674358541525996	0.8184791496320524
166	0.9145705979311867	0.9133075922942067	0.8316552557390253	0.8313777596075225	0.8402366863905325	0.812755519215045	0.6630739365293721	0.812755519215045
167	0.9153447805941672	0.9144006543242668	0.8324607329842932	0.8319313034562421	0.8536371603856266	0.7964022894521668	0.6645167828002362	0.7964022894521668
168	0.9183662344741659	0.9176413185625196	0.8409182440596054	0.8408649041519034	0.839344262295082	0.8372853638593623	0.681754362397379	0.8372853638593623
169	0.9142844164103363	0.9129831824879707	0.8292388240032219	0.828864748406858	0.8423307626392459	0.803761242845462	0.6581719854747965	0.803761242845462
170	0.9189463847681345	0.9163614919817478	0.8328634716069271	0.8325202144090125	0.8447098976109215	0.8094848732624693	0.6654478643850325	0.8094848732624693
171	0.9172208594530754	0.9175751752702842	0.8304470398711237	0.8301872834170463	0.8381112984822934	0.812755519215045	0.6606680341531869	0.812755519215045
172	0.9140884372282573	0.9137731306243904	0.8316552557390253	0.83128171682955	0.8449014567266495	0.8062142273098937	0.6630091743595872	0.8062142273098937
173	0.913599138210749	0.9155089847649073	0.8292388240032219	0.8289367804903374	0.8388464800678541	0.8086672117743254	0.6582212566697356	0.8086672117743254
174	0.9182023777076924	0.9186864978119509	0.8344744260974627	0.8343596282884918	0.8355371900826446	0.8266557645134914	0.6688236395574982	0.8266557645134914
175	0.9176971797168036	0.9179230518323787	0.8296415626258559	0.8291175096367247	0.850262697022767	0.7939493049877351	0.658875731861669	0.7939493049877351
176	0.9173422108009188	0.91597345945555	0.8324607329842932	0.8321714104011733	0.8416596104995766	0.812755519215045	0.6646779677743778	0.812755519215045
177	0.9155378395566457	0.9124187405650351	0.8312525171163915	0.8311610144193955	0.8311367380560132	0.8250204415372036	0.6623935992253442	0.8250204415372036
178	0.9140916819167023	0.9146551531826099	0.8320579943616593	0.8318946384768134	0.8352745424292846	0.820932134096484	0.6639566685912521	0.820932134096484
179	0.9124673908811276	0.9132567206582817	0.8219895287958116	0.8218059286947268	0.8256880733944955	0.8094848732624693	0.6437973536483406	0.8094848732624693
180	0.9169142363950213	0.9165918254854399	0.8344744260974627	0.8340955106490675	0.8481989708404802	0.8086672117743254	0.6686485807267949	0.8086672117743254
181	0.9163684797985698	0.9168336752765756	0.8284333467579541	0.8283592259471246	0.8274445357436319	0.8233851185609158	0.656765760100307	0.8233851185609158
182	0.919625822528521	0.9195934539556612	0.8340716874748288	0.8339628028916664	0.8348472336911643	0.8266557645134914	0.668021843793769	0.8266557645134914
183	0.9211816506379057	0.9229058502995553	0.8372935964559001	0.8370533686355436	0.8444070647603028	0.820932134096484	0.6743820077371976	0.820932134096484
184	0.918480771976275	0.9199509038949394	0.8304470398711237	0.8302232994587859	0.8364093959731543	0.8152085036794767	0.6606924860418337	0.8152085036794767
185	0.9184032239224389	0.918633118551034	0.8296415626258559	0.8294296486651351	0.8350083752093802	0.8152085036794767	0.6590887624245874	0.8152085036794767
186	0.9162828200236214	0.9162705804546647	0.8304470398711237	0.830247310153279	0.8352842809364549	0.8168438266557645	0.6607087853432744	0.8168438266557645
187	0.9176014614076756	0.9158775567496433	0.8336689488521949	0.833782073745279	0.8245192307692307	0.8413736713000818	0.6673638491218452	0.8413736713000818
188	0.9172588223078819	0.9180549253747419	0.8272251308900523	0.8269526535062104	0.8353040540540541	0.8086672117743254	0.6542116144789982	0.8086672117743254
189	0.9199340679307975	0.9227294550617177	0.8316552557390253	0.831473802385495	0.835696413678065	0.8192968111201963	0.6631386738122316	0.8192968111201963
190	0.9199045412659477	0.919542235403089	0.8368908578332662	0.8366925592804579	0.8419732441471572	0.8233851185609158	0.6736034633349789	0.8233851185609158
191	0.9205693779283313	0.9213316334126443	0.8348771647200967	0.834732442990824	0.837344398340249	0.8250204415372036	0.6696095861024621	0.8250204415372036
192	0.9203428986748693	0.9221771834694873	0.8352799033427306	0.8351892951238822	0.8352553542009885	0.8291087489779232	0.6704510312247394	0.8291087489779232
193	0.9180070474633025	0.9181453266317051	0.8296415626258559	0.8295256914431077	0.8305785123966942	0.821749795584628	0.6591542567708558	0.821749795584628
194	0.9196852003270646	0.918746135924061	0.8360853805879984	0.8359229191813002	0.8394342762063228	0.8250204415372036	0.6720152616705986	0.8250204415372036
195	0.9207241495671586	0.9215043884600316	0.8320579943616593	0.8317625796571013	0.8415254237288136	0.8119378577269011	0.6638678677781785	0.8119378577269011
196	0.9186322989266571	0.9186489687572049	0.838099073701168	0.8380991317213722	0.8340113913751017	0.8381030253475061	0.6761495589812672	0.8381030253475061
197	0.9166407091591064	0.9143298037308188	0.8268223922674185	0.82636374255344	0.8438855160450998	0.7955846279640229	0.6532764818777868	0.7955846279640229
198	0.913584861581591	0.9147605512173453	0.8328634716069271	0.8325562304507521	0.8429541595925297	0.8119378577269011	0.6654719758984123	0.8119378577269011
199	0.9183389790912277	0.9192379872035755	0.8312525171163915	0.8310529662941764	0.8361204013377926	0.8176614881439084	0.6623206200922374	0.8176614881439084
200	0.9194506093524899	0.9192222880272491	0.8344744260974627	0.8342275694687795	0.8417508417508418	0.8176614881439084	0.6687361332699271	0.8176614881439084
201	0.9168120287090035	0.9160160609181472	0.837696335078534	0.8374261833378759	0.8462837837837838	0.8192968111201963	0.6751684863287559	0.8192968111201963
202	0.9150044127762852	0.9150496239247651	0.8312525171163915	0.8310169502524367	0.8378151260504202	0.8152085036794767	0.6622962867026385	0.8152085036794767
203	0.9158087710418047	0.9153180254896831	0.8368908578332662	0.8366205271969785	0.8454391891891891	0.8184791496320524	0.6735564192633898	0.8184791496320524
204	0.9173097639164688	0.9176618513057693	0.8352799033427306	0.8351052576931564	0.8391666666666666	0.8233851185609158	0.6703956270290989	0.8233851185609158
205	0.918004127243702	0.916246295461197	0.8328634716069271	0.8324121662837934	0.8500866551126517	0.8021259198691741	0.6653755089859834	0.8021259198691741
206	0.9185560487481991	0.9170907704036506	0.8284333467579541	0.8278790120572623	0.8504837291116975	0.7906786590351594	0.6564357676974436	0.7906786590351594
207	0.917069981440382	0.9159814391540131	0.8316552557390253	0.831497813079988	0.8345802161263508	0.820932134096484	0.6631548542460454	0.820932134096484
208	0.9162072187828525	0.9160099127255876	0.8340716874748288	0.8335065996962971	0.8572687224669604	0.7955846279640229	0.6677186244601625	0.7955846279640229
209	0.9193519708237615	0.9166859089902248	0.842126459927507	0.8420673856896261	0.8408531583264971	0.8381030253475061	0.6841676260589549	0.8381030253475061
210	0.9196540513179924	0.9194234084030908	0.8352799033427306	0.8350692416514166	0.8408710217755444	0.820932134096484	0.6703718766705822	0.820932134096484
211	0.9173340990798063	0.9158013773019704	0.833266210229561	0.8331211307090294	0.8356846473029046	0.8233851185609158	0.6663862649912666	0.8233851185609158
212	0.9191579384547496	0.916567509030342	0.8368908578332662	0.8367285753221976	0.8402662229617305	0.8258381030253475	0.6736269802864678	0.8258381030253475
213	0.9161750963672468	0.9145228741257919	0.8336689488521949	0.8333258705499098	0.8455631399317406	0.8103025347506132	0.6670601638337793	0.8103025347506132
214	0.9181332658438138	0.918696939343552	0.8372935964559001	0.8370893846772833	0.8426778242677824	0.8233851185609158	0.6744054705666223	0.8233851185609158
215	0.9176147646303001	0.9188569594533222	0.8356826419653645	0.8353940349647626	0.8450465707027942	0.8160261651676206	0.6711264683941014	0.8160261651676206
216	0.9176605147373749	0.9173229826262181	0.8385018123238018	0.8382558501732664	0.8459595959595959	0.821749795584628	0.6767960813655494	0.821749795584628
217	0.91810633492972	0.9191134640520768	0.8340716874748288	0.8338907708081871	0.8381984987489575	0.821749795584628	0.6679740038532043	0.821749795584628
218	0.9168042414567353	0.9169187760039577	0.8385018123238018	0.8386640319796492	0.8272292993630573	0.8495502861815208	0.6770598287937036	0.8495502861815208
219	0.9204152552271933	0.9187067472159595	0.8437374144180427	0.8434385910264897	0.8541136556403732	0.8233851185609158	0.6872402065751354	0.8233851185609158
220	0.9179463717893808	0.916131380382891	0.8352799033427306	0.8351772897766356	0.8358085808580858	0.8282910874897792	0.6704431174800498	0.8282910874897792
221	0.9209957299900065	0.9205404472922092	0.8368908578332662	0.8364164362937871	0.8556521739130435	0.8045789043336059	0.6734230540529393	0.8045789043336059
222	0.9191287362587445	0.9183703162849516	0.8352799033427306	0.8350212202624303	0.8431703204047217	0.8176614881439084	0.6703402042010771	0.8176614881439084
223	0.915904164882088	0.9146819497352683	0.8336689488521949	0.8333618865916494	0.8438030560271647	0.812755519215045	0.6670841591470946	0.812755519215045
224	0.9154336850575608	0.9137369368694922	0.8312525171163915	0.8312810678918611	0.8257698541329012	0.8331970564186427	0.6624746501633323	0.8331970564186427
225	0.9174707004633414	0.9157904471358163	0.8304470398711237	0.8300792352918273	0.8433219178082192	0.8053965658217498	0.6605946573374352	0.8053965658217498
226	0.9194029124323484	0.9168099346420606	0.8312525171163915	0.8308368700437383	0.846551724137931	0.802943581357318	0.6621745671313006	0.802943581357318
227	0.9141861023504524	0.9158310560801657	0.8328634716069271	0.8326282625342314	0.8394957983193277	0.8168438266557645	0.6655201885002267	0.8168438266557645
228	0.9174807589975211	0.918406898574442	0.8336689488521949	0.8333979026333891	0.8420608108108109	0.8152085036794767	0.667108151001926	0.8152085036794767
229	0.9196238757154538	0.9188183245757755	0.8344744260974627	0.8342635855105193	0.8400335008375209	0.8201144726083401	0.6687600032068686	0.8201144726083401
230	0.9178409194149176	0.9183567538174653	0.8320579943616593	0.8317505743098548	0.8421052631578947	0.8111201962387572	0.66385979264973	0.8111201962387572
231	0.9156588664356449	0.9165417769078236	0.8324607329842932	0.832015340886968	0.8493506493506493	0.8021259198691741	0.6645732151648155	0.8021259198691741
232	0.9185810328492258	0.9186880614500063	0.8364881192106323	0.8361156536749341	0.8500428449014568	0.8111201962387572	0.6726835521291683	0.8111201962387572
233	0.916094303624966	0.9165639689348796	0.8336689488521949	0.8334219133278822	0.8409090909090909	0.8168438266557645	0.6671241436508026	0.8168438266557645
234	0.9185469636205532	0.9188807782152744	0.8304470398711237	0.8303553582784982	0.8303130148270181	0.8242027800490597	0.6607821128254652	0.8242027800490597
235	0.9215862632869992	0.9206726045559575	0.8360853805879984	0.8358268764033278	0.8440134907251264	0.8184791496320524	0.6719522325423921	0.8184791496320524
236	0.9210009214915184	0.9197733480628	0.8393072895690696	0.8390495009669172	0.8473861720067454	0.821749795584628	0.6784003459076522	0.821749795584628
237	0.9196644343210165	0.919648299104611	0.8344744260974627	0.8341195213435606	0.847008547008547	0.8103025347506132	0.6686645028131503	0.8103025347506132
238	0.9209081234019909	0.9192532808196259	0.8352799033427306	0.8347571026230062	0.8563922942206655	0.7996729354047425	0.6701658967645925	0.7996729354047425
239	0.918922698542486	0.9176395661046325	0.8336689488521949	0.8335419668003479	0.8352649006622517	0.8250204415372036	0.66720408385136	0.8250204415372036
240	0.9184067930797286	0.9183571575468593	0.8348771647200967	0.8346724162545912	0.8401673640167364	0.820932134096484	0.6695699082483046	0.820932134096484
241	0.9188730548092772	0.9183463938429512	0.8312525171163915	0.8310289555996833	0.837248322147651	0.8160261651676206	0.6623043982221576	0.8160261651676206
242	0.914648470453867	0.9156235430534663	0.8292388240032219	0.8289127697958443	0.84	0.8070318887980377	0.6582048345163796	0.8070318887980377
243	0.9150264766577112	0.9150464203344303	0.8385018123238018	0.8387120533686355	0.8251582278481012	0.8528209321340965	0.6770908296056692	0.8528209321340965
244	0.915270152759932	0.9157299110336483	0.8316552557390253	0.8313657542602759	0.8408128704487722	0.8119378577269011	0.6630658426194469	0.8119378577269011
245	0.9171381198977274	0.9184808210009959	0.8320579943616593	0.831822606393334	0.838655462184874	0.8160261651676206	0.6639082376014327	0.8160261651676206
246	0.9177260574439643	0.920574237326938	0.8348771647200967	0.8346724162545912	0.8401673640167364	0.820932134096484	0.6695699082483046	0.820932134096484
247	0.9168454489999871	0.9184847332820548	0.8340716874748288	0.8341428831003648	0.8267526188557615	0.83892068683565	0.6681413833530243	0.83892068683565
248	0.9183169152098016	0.9200579725880329	0.8340716874748288	0.8341188724058717	0.8278092158447857	0.8372853638593623	0.6681254497193492	0.8372853638593623
249	0.91684350218692	0.9165157475097202	0.8328634716069271	0.8330244389933679	0.821656050955414	0.8438266557645135	0.6657851095994689	0.8438266557645135
250	0.9187004373840024	0.9204754121316968	0.8360853805879984	0.835790860361588	0.8457627118644068	0.8160261651676206	0.671928590373426	0.8160261651676206
251	0.919442822100222	0.9182343611417424	0.8393072895690696	0.8391815597866292	0.8410596026490066	0.830744071954211	0.6784853013479241	0.830744071954211
252	0.9187685758413477	0.9181990335311984	0.8360853805879984	0.8360069566120261	0.8355263157894737	0.830744071954211	0.6720703922930875	0.830744071954211
253	0.9179197653441316	0.9179286294699684	0.8304470398711237	0.830247310153279	0.8352842809364549	0.8168438266557645	0.6607087853432744	0.8168438266557645
254	0.9202523718672534	0.919984110603558	0.8409182440596054	0.8407688613739308	0.8438538205980066	0.830744071954211	0.6816932180600319	0.830744071954211
255	0.922067450583395	0.9203131140189829	0.8352799033427306	0.8350212202624303	0.8431703204047217	0.8176614881439084	0.6703402042010771	0.8176614881439084
256	0.9165920388324313	0.9165810685458167	0.8296415626258559	0.8293336058871628	0.8395585738539898	0.8086672117743254	0.659023242903683	0.8086672117743254
257	0.918114122181988	0.917632641245029	0.8312525171163915	0.830956923516204	0.8406779661016949	0.8111201962387572	0.6622557232591291	0.8111201962387572
258	0.9184213941777312	0.9187811395887944	0.8324607329842932	0.832099378317694	0.8451668092386655	0.8078495502861816	0.6646296285473652	0.8078495502861816
259	0.9200732650650884	0.9202585616940646	0.8364881192106323	0.8360316162442083	0.8542931483087598	0.8053965658217498	0.6726284921915846	0.8053965658217498
260	0.9197208918999596	0.9190018471455655	0.8372935964559001	0.8371133953717764	0.841534612176814	0.8250204415372036	0.6744211105745013	0.8250204415372036
261	0.9204029254111021	0.9202360802273883	0.8364881192106323	0.836415787356098	0.8356614626129828	0.8315617334423548	0.6728800436636728	0.8315617334423548
262	0.9206524419525238	0.9204769542469273	0.8368908578332662	0.8367525860166907	0.8391376451077943	0.8274734260016353	0.6736426563715485	0.8274734260016353
263	0.9179080844657295	0.9187273297236553	0.837696335078534	0.837666290282807	0.8349673202614379	0.8356500408830744	0.6753244730608109	0.8356500408830744
264	0.9163542031694116	0.9172718588569178	0.8344744260974627	0.8342395748160262	0.8411764705882353	0.8184791496320524	0.6687440902978149	0.8184791496320524
265	0.9191585873924384	0.9193891683890277	0.8389045509464358	0.8388687718205299	0.8364677023712184	0.8364677023712184	0.6777375436410595	0.8364677023712184
266	0.9182860906695739	0.9173985744027153	0.8385018123238018	0.8383638982984853	0.8407960199004975	0.8291087489779232	0.6768659387777554	0.8291087489779232
267	0.9190674116471337	0.9192245395222858	0.8368908578332662	0.836716569974951	0.8408333333333333	0.8250204415372036	0.673619141679181	0.8250204415372036
268	0.9155397863697128	0.9155183547555669	0.8316552557390253	0.8316418772469467	0.8280358598207009	0.830744071954211	0.6632519042162053	0.830744071954211
269	0.9176196316629678	0.9173976393742495	0.8360853805879984	0.8359109138340537	0.84	0.8242027800490597	0.67200738435414	0.8242027800490597
270	0.9215609547171281	0.9209980918836073	0.8328634716069271	0.8325802411452452	0.8417935702199661	0.8135731807031888	0.6654880483099347	0.8135731807031888
271	0.9184690910978728	0.9178569352893065	0.8344744260974627	0.834431660371971	0.8322422258592471	0.8315617334423548	0.6688713507767715	0.8315617334423548
272	0.9203620423366948	0.91951648410041	0.8385018123238018	0.8381958234370335	0.8488964346349746	0.8176614881439084	0.6767572586391888	0.8176614881439084
273	0.9201673610299939	0.9196313483186536	0.837696335078534	0.8376542849355605	0.8355155482815058	0.8348323793949305	0.6753166772823331	0.8348323793949305
274	0.9184577346883153	0.9187614255928765	0.8385018123238018	0.8383278822567457	0.8425	0.8266557645134914	0.6768426563292632	0.8266557645134914
275	0.9190103051305014	0.9172796936141123	0.8352799033427306	0.8350212202624303	0.8431703204047217	0.8176614881439084	0.6703402042010771	0.8176614881439084
276	0.9155284299601553	0.9134655797633091	0.8340716874748288	0.8340108242806525	0.8326497128794094	0.8299264104660671	0.6680537294293097	0.8299264104660671
277	0.9181533829121727	0.9177902939281394	0.8397100281917036	0.8397824760866461	0.8323932312651088	0.8446443172526574	0.6794181324623876	0.8446443172526574
278	0.9181124998377657	0.9178025460040014	0.837696335078534	0.8374982154213553	0.842809364548495	0.8242027800490597	0.675215298083942	0.8242027800490597
279	0.9178029565601111	0.916923334301844	0.838099073701168	0.8378950408181807	0.8435146443514644	0.8242027800490597	0.676017324672728	0.8242027800490597
280	0.9201242066736752	0.9191794270460568	0.8360853805879984	0.835790860361588	0.8457627118644068	0.8160261651676206	0.671928590373426	0.8160261651676206
281	0.9195125829017896	0.919424509396679	0.8340716874748288	0.8337947280302145	0.8427726120033813	0.8152085036794767	0.6679101958136395	0.8152085036794767
282	0.9202913081285935	0.9193416891995487	0.8352799033427306	0.8349611935261976	0.8460884353741497	0.8135731807031888	0.670300605053988	0.8135731807031888
283	0.9214081298913679	0.9202266904438453	0.8356826419653645	0.8355380991317214	0.8381742738589212	0.8258381030253475	0.6712212466580598	0.8258381030253475
284	0.9206793728666173	0.9197904928855378	0.8352799033427306	0.835141273734896	0.8374792703150912	0.8258381030253475	0.6704193739653416	0.8258381030253475
285	0.9206783994600838	0.9197661797311649	0.8340716874748288	0.8341548884476113	0.826226870474658	0.8397383483237939	0.6681493495961333	0.8397383483237939
286	0.9167786084180198	0.9169124683968835	0.8296415626258559	0.8294416540123817	0.8344481605351171	0.8160261651676206	0.6590969505943113	0.8160261651676206
287	0.916304559436203	0.9141236588248767	0.833266210229561	0.8332531895287414	0.8296658516707417	0.8323793949304987	0.6664743740323181	0.8323793949304987
288	0.9182124362418721	0.9172980631584112	0.8348771647200967	0.8348765071577827	0.8307567127746135	0.8348323793949305	0.669704774085372	0.8348323793949305
289	0.9157130527326766	0.9161465532527819	0.8292388240032219	0.8290688393100494	0.832639467110741	0.8176614881439084	0.6583115503127732	0.8176614881439084
290	0.9170823112564732	0.9169952213698311	0.8352799033427306	0.8347210865812664	0.858274647887324	0.7972199509403107	0.6701421132859178	0.7972199509403107
291	0.9170930187283417	0.9172114357252173	0.8356826419653645	0.8354180456592557	0.8438818565400844	0.8176614881439084	0.6711422685659787	0.8176614881439084
292	0.9184905060416099	0.9196752921705761	0.837696335078534	0.8374261833378759	0.8462837837837838	0.8192968111201963	0.6751684863287559	0.8192968111201963
293	0.9165307142208207	0.9171565977092532	0.8316552557390253	0.831041609884619	0.8571428571428571	0.7898609975470156	0.662847159960603	0.7898609975470156
294	0.9158327817362978	0.9164920639925335	0.8308497784937575	0.8307281729808305	0.8320926385442514	0.8225674570727719	0.6615675388340914	0.8225674570727719
295	0.917895430180794	0.9182555684116451	0.833266210229561	0.8328450077223586	0.8490077653149266	0.8045789043336059	0.6662018864836641	0.8045789043336059
296	0.9148785188646188	0.9142829182669119	0.8300443012484897	0.8297904580202209	0.8374052232518955	0.812755519215045	0.6598661052227014	0.812755519215045
297	0.9151053225869252	0.9137591491026773	0.8352799033427306	0.8352013004711287	0.834703947368421	0.8299264104660671	0.670458944589368	0.8299264104660671
298	0.9131396903269349	0.9126184606514691	0.8256141763995167	0.8256774909473192	0.8185483870967742	0.8299264104660671	0.6512220733935014	0.8299264104660671
299	0.9140838946644343	0.9146120874300369	0.8324607329842932	0.8321954210956664	0.8405063291139241	0.8143908421913328	0.6646940777535469	0.8143908421913328
300	0.9154330361198717	0.9161517123044967	0.8320579943616593	0.8320507079910187	0.8281758957654723	0.8315617334423548	0.664061554534261	0.8315617334423548
301	0.9176352061675037	0.9170456511371847	0.8385018123238018	0.8384239250347182	0.8379934210526315	0.8331970564186427	0.6769047354042459	0.8331970564186427
302	0.9177335202273877	0.9166393545794935	0.8417237213048732	0.841634544251061	0.841845140032949	0.8356500408830744	0.6833429224237716	0.8356500408830744
303	0.9164969694609924	0.9153681046438285	0.8360853805879984	0.8360189619592726	0.8349753694581281	0.8315617334423548	0.6720782665833813	0.8315617334423548
304	0.9204467287051097	0.919281384421724	0.8393072895690696	0.83910952770315	0.8444816053511706	0.8258381030253475	0.6784389675818681	0.8258381030253475
305	0.9211680229464367	0.919552909784392	0.8441401530406766	0.8440755233682462	0.8431855500821018	0.8397383483237939	0.6881923566775641	0.8397383483237939
306	0.9176407221378604	0.9182331165887824	0.8312525171163915	0.8311970304611351	0.8295081967213115	0.8274734260016353	0.6624179185936754	0.8274734260016353
307	0.9191910342768886	0.9196677727811778	0.8356826419653645	0.835358018923023	0.8468085106382979	0.8135731807031888	0.6711027652893464	0.8135731807031888
308	0.9190258796350373	0.9181039897537352	0.8360853805879984	0.8360309673065192	0.8344262295081967	0.8323793949304987	0.6720861404955272	0.8323793949304987
309	0.9191813002115538	0.9188576935256433	0.837696335078534	0.8377263170190399	0.8322528363047001	0.8397383483237939	0.6753634463384794	0.8397383483237939
310	0.918185180858934	0.9169220355754912	0.8393072895690696	0.8393616399953276	0.8327948303715671	0.8430089942763695	0.6786010773670201	0.8430089942763695
311	0.9179054887149736	0.9185151338723013	0.8409182440596054	0.8410329790133552	0.8317307692307693	0.848732624693377	0.6818613084821523	0.848732624693377
312	0.9179700580150294	0.9177045486560484	0.8397100281917036	0.8395663798362081	0.8423236514522822	0.8299264104660671	0.6792795494360486	0.8299264104660671
313	0.9209266181261275	0.9209562286869087	0.8389045509464358	0.8386166595283521	0.8484335309060118	0.8192968111201963	0.6775749690138249	0.8192968111201963
314	0.9199687860971589	0.9195875197449359	0.8405155054369714	0.8403360199353658	0.8448707256046706	0.8282910874897792	0.6808682172957983	0.8282910874897792
315	0.918381160041013	0.9167482673098004	0.8368908578332662	0.8369326662253891	0.830906148867314	0.8397383483237939	0.6737601790269465	0.8397383483237939
316	0.9179379355994237	0.9182411303569655	0.833266210229561	0.8331091253617828	0.8362427265170407	0.8225674570727719	0.6663782527700066	0.8225674570727719
317	0.9203746966216304	0.9198029412707824	0.8393072895690696	0.8390374956196706	0.847972972972973	0.820932134096484	0.6783926204594879	0.820932134096484
318	0.9180547443834441	0.9173395805591468	0.8401127668143374	0.8397831250243352	0.8517887563884157	0.8176614881439084	0.6799662483641202	0.8176614881439084
319	0.9154719723812119	0.9158907849064317	0.8340716874748288	0.8342509312255837	0.8220810166799047	0.8462796402289452	0.668213065775152	0.8462796402289452
320	0.9145092733195757	0.912892431168298	0.8385018123238018	0.838483951770951	0.835236541598695	0.8372853638593623	0.6769435227157323	0.8372853638593623
321	0.9174262482316449	0.9168089058140289	0.8413209826822392	0.8413457669794546	0.8361719383617194	0.8430089942763695	0.6826095843079748	0.8430089942763695
322	0.9148950667756881	0.9137637121419827	0.8328634716069271	0.832532219756259	0.84412265758092	0.8103025347506132	0.6654559019423424	0.8103025347506132
323	0.9163752936443043	0.9152927682077806	0.8340716874748288	0.833998818933406	0.8331963845521775	0.8291087489779232	0.6680457585946631	0.8291087489779232
324	0.9162594582668173	0.9152725795806437	0.833266210229561	0.8332171734870017	0.8312858312858313	0.8299264104660671	0.666450348909726	0.8299264104660671
325	0.9179320951602227	0.9182801448333222	0.8352799033427306	0.8348051240119924	0.8539130434782609	0.802943581357318	0.6701976027349437	0.802943581357318
326	0.9161329154174616	0.9158660288295319	0.833266210229561	0.8330731093200431	0.8379281537176274	0.8201144726083401	0.666354213796958	0.8201144726083401
327	0.9131990681254787	0.9132902858466283	0.8260169150221506	0.8259422575244325	0.8249794576828267	0.820932134096484	0.6519314750312972	0.820932134096484
328	0.9146679385845371	0.9145174339879006	0.8364881192106323	0.8364277927033446	0.8351107465135357	0.8323793949304987	0.6728878984182033	0.8323793949304987
329	0.9121046347129749	0.9104756191772476	0.8320579943616593	0.8318466170878271	0.8375209380234506	0.8176614881439084	0.663924382815728	0.8176614881439084
330	0.9103959817778297	0.9087120628204566	0.8284333467579541	0.8282871938636452	0.8307053941908714	0.8184791496320524	0.6567163016576801	0.8184791496320524
331	0.9130439720178068	0.9131210453426898	0.833266210229561	0.8330851146672896	0.8373644703919934	0.820932134096484	0.6663622271728801	0.820932134096484
332	0.9149816999571703	0.9149652341658902	0.8308497784937575	0.8305000713831459	0.842869342442357	0.8070318887980377	0.6614130484189147	0.8070318887980377
333	0.9145206297291333	0.9124838672441766	0.8348771647200967	0.8346484055600981	0.8413098236775819	0.8192968111201963	0.6695540344380766	0.8192968111201963
334	0.9144417837999195	0.9131917533154476	0.8324607329842932	0.8320393515814613	0.8481449525452976	0.803761242845462	0.6645893352106382	0.803761242845462
335	0.914108878765461	0.9129658585061875	0.8296415626258559	0.8295617074848474	0.8289473684210527	0.8242027800490597	0.6591788106633316	0.8242027800490597
336	0.9147818271489572	0.9142377305489147	0.8397100281917036	0.8395663798362081	0.8423236514522822	0.8299264104660671	0.6792795494360486	0.8299264104660671
337	0.9181614946332853	0.9169974733820385	0.8368908578332662	0.8369926929616218	0.8282504012841091	0.8438266557645135	0.6737993344386017	0.8438266557645135
338	0.9180326805020181	0.917943315775463	0.8405155054369714	0.8403600306298589	0.8437240232751455	0.8299264104660671	0.6808835461278324	0.8299264104660671
339	0.9182299575594752	0.9178189835820499	0.8409182440596054	0.8405407597762463	0.8550600343053173	0.8152085036794767	0.6815479060512992	0.8152085036794767
340	0.916712741242586	0.9145842371356148	0.8397100281917036	0.8394703370582357	0.8469301934398654	0.8233851185609158	0.6792179185133778	0.8233851185609158
341	0.9162977455904682	0.9159095745845365	0.8348771647200967	0.8346364002128516	0.8418839360807401	0.8184791496320524	0.6695460969610174	0.8184791496320524
342	0.9195031733052992	0.9188068055246115	0.837696335078534	0.8374261833378759	0.8462837837837838	0.8192968111201963	0.6751684863287559	0.8192968111201963
343	0.9169752365377877	0.9145617659674313	0.8364881192106323	0.8365118301340706	0.8313057583130575	0.8381030253475061	0.6729428711396898	0.8381030253475061
344	0.916217926254721	0.9152693090624088	0.8280306081353201	0.8277102882581214	0.8384353741496599	0.8062142273098937	0.6557906072324031	0.8062142273098937
345	0.9167104699606744	0.9153388073969011	0.8372935964559001	0.8370653739827902	0.8438287153652393	0.821749795584628	0.6743898290560559	0.821749795584628
346	0.919669950291373	0.9175136462810827	0.8372935964559001	0.8371614167607626	0.8392709196354599	0.8282910874897792	0.6744523860830645	0.8282910874897792
347	0.9198188814909992	0.9196133922264241	0.838099073701168	0.8380991317213722	0.8340113913751017	0.8381030253475061	0.6761495589812672	0.8381030253475061
348	0.9181306700930576	0.9179456929278231	0.8340716874748288	0.8337106905994887	0.8468776732249786	0.8094848732624693	0.6678543436574866	0.8094848732624693
349	0.9179655154512063	0.918121234810772	0.8328634716069271	0.8325682357979987	0.8423728813559322	0.812755519215045	0.665480012297228	0.812755519215045
350	0.9172899713169542	0.9158910786517441	0.838099073701168	0.8380030889433996	0.8384171475680132	0.8315617334423548	0.6760873445201989	0.8315617334423548
351	0.9176024348142091	0.9163661075702152	0.838099073701168	0.8375829017897701	0.8591426071741033	0.802943581357318	0.6758148749594024	0.802943581357318
352	0.9179823878311205	0.91716216332689	0.8429319371727748	0.8429930953029889	0.8361581920903954	0.8470973017170891	0.685854447873061	0.8470973017170891
353	0.915979766122857	0.913343871781487	0.8405155054369714	0.8403480252826123	0.8442964196502915	0.8291087489779232	0.680875881895892	0.8291087489779232
354	0.9167549221923712	0.9158029561593816	0.8356826419653645	0.8354780723954887	0.8410041841004184	0.821749795584628	0.6711817623544105	0.821749795584628
355	0.9181650637905749	0.9156421867301447	0.8352799033427306	0.8347450972757595	0.8570175438596491	0.7988552739165985	0.6701579693194526	0.7988552739165985
356	0.9173207958571818	0.9154226546095784	0.8360853805879984	0.8357068229308622	0.8499142367066895	0.8103025347506132	0.6718734120579211	0.8103025347506132
357	0.9184441069968461	0.9163434851710789	0.8356826419653645	0.8353460135757764	0.8473998294970162	0.812755519215045	0.6710948634951349	0.812755519215045
358	0.9146809173383172	0.9124535993684558	0.8312525171163915	0.8311850251138886	0.8300492610837439	0.8266557645134914	0.6624098125268717	0.8266557645134914
359	0.915054056509494	0.9140772436766254	0.8312525171163915	0.8311249983776559	0.8327814569536424	0.8225674570727719	0.6623692763528326	0.8225674570727719
360	0.917150774182663	0.9167559941103878	0.837696335078534	0.8374261833378759	0.8462837837837838	0.8192968111201963	0.6751684863287559	0.8192968111201963
361	0.9157558826201508	0.9159192218763759	0.8356826419653645	0.8354540617009955	0.8421494542401343	0.8201144726083401	0.6711659659774031	0.8201144726083401
362	0.918425287803865	0.919336667632395	0.8385018123238018	0.8381117860063076	0.8530927835051546	0.8119378577269011	0.6767028911508852	0.8119378577269011
363	0.9182189256187622	0.9173420701192897	0.8372935964559001	0.8371013900245299	0.8421052631578947	0.8242027800490597	0.6744132907583842	0.8242027800490597
364	0.9194123220288388	0.918879098606773	0.8409182440596054	0.8409129255408896	0.8371335504885994	0.8405560098119379	0.6817849257578732	0.8405560098119379
365	0.9152980570805591	0.9140763641420289	0.8348771647200967	0.8343722825734273	0.8550218340611354	0.8004905968928864	0.6693713759396493	0.8004905968928864
366	0.9160858674350089	0.9163040768714913	0.8372935964559001	0.8370533686355436	0.8444070647603028	0.820932134096484	0.6743820077371976	0.820932134096484
367	0.9151520461005335	0.9153115767405842	0.8324607329842932	0.8322674531791457	0.8370927318295739	0.8192968111201963	0.6647423984046728	0.8192968111201963
368	0.9136319095640436	0.9148895850235532	0.8308497784937575	0.8306201248556113	0.8371116708648195	0.8152085036794767	0.6614943767414443	0.8152085036794767
369	0.9144012251943567	0.9149608918116028	0.8324607329842932	0.8320033355397215	0.849956634865568	0.8013082583810303	0.6645651545608355	0.8013082583810303
370	0.9154512063751638	0.9144115208532596	0.8316552557390253	0.8314257809965087	0.837951301427372	0.8160261651676206	0.6631063082807708	0.8160261651676206
371	0.9138781814170205	0.912726045231021	0.8316552557390253	0.8315218237744813	0.8334714167357083	0.8225674570727719	0.6631710331255468	0.8225674570727719
372	0.9148983114641333	0.9124068129879529	0.8344744260974627	0.8343836389829848	0.8344316309719935	0.8282910874897792	0.6688395448248603	0.8282910874897792
373	0.9137373619385066	0.9096629440535723	0.8352799033427306	0.8349852042206907	0.8449152542372881	0.8152085036794767	0.6703164458543766	0.8152085036794767
374	0.9135786966735454	0.9103252778541487	0.8276278695126863	0.8271814040415839	0.8441558441558441	0.7972199509403107	0.654897442525339	0.7972199509403107
375	0.915575477942608	0.9134553262750306	0.8320579943616593	0.8319666705602928	0.8319604612850082	0.8258381030253475	0.6640050856252233	0.8258381030253475
376	0.9139706550377034	0.9119499937151415	0.8292388240032219	0.8290208179210632	0.8348700754400671	0.8143908421913328	0.6582787217813266	0.8143908421913328
377	0.9145446404236266	0.9146006094171775	0.8268223922674185	0.8265318174148919	0.8357324301439458	0.8070318887980377	0.6533930916898617	0.8070318887980377
378	0.914963529701878	0.9133119349348235	0.833266210229561	0.8328810237640982	0.8472103004291845	0.8070318887980377	0.6662259474111099	0.8070318887980377
379	0.9125741411309685	0.9111687336009052	0.8324607329842932	0.8322074264429129	0.8399326032013479	0.8152085036794767	0.6647021321626629	0.8152085036794767
380	0.9142857142857143	0.9125809198468693	0.8320579943616593	0.8318946384768134	0.8352745424292846	0.820932134096484	0.6639566685912521	0.820932134096484
381	0.9152360835312593	0.9136990013594886	0.8324607329842932	0.832231437137406	0.8387909319899244	0.8168438266557645	0.6647182398200973	0.8168438266557645
382	0.9177795948033071	0.915842316151117	0.8368908578332662	0.8366805539332114	0.8425460636515912	0.8225674570727719	0.6735956235980092	0.8225674570727719
383	0.9157834624719334	0.9147713340126477	0.8356826419653645	0.8353820296175161	0.8456318914334181	0.8152085036794767	0.6711185677388022	0.8152085036794767
384	0.9152380303443264	0.9144358738736909	0.8304470398711237	0.8302353048060325	0.8358458961474037	0.8160261651676206	0.660700635888301	0.8160261651676206
385	0.9153243390569636	0.9143738311021894	0.8336689488521949	0.8335419668003479	0.8352649006622517	0.8250204415372036	0.66720408385136	0.8250204415372036
386	0.916303910498514	0.9150375734009907	0.8401127668143374	0.8398551571078146	0.8482293423271501	0.8225674570727719	0.6800123742489672	0.8225674570727719
387	0.9153386156861217	0.9131788808581803	0.8360853805879984	0.8358869031395606	0.8411371237458194	0.8225674570727719	0.6719916285860159	0.8225674570727719
388	0.9130108761956678	0.9101257266836638	0.8348771647200967	0.8347444483380706	0.8367854183927091	0.8258381030253475	0.6696175205298426	0.8258381030253475
389	0.9109251904632116	0.9090377334505879	0.8352799033427306	0.8351532790821425	0.8369205298013245	0.8266557645134914	0.6704272888503783	0.8266557645134914
390	0.9080315773079469	0.9048208395777753	0.8268223922674185	0.8266758815818505	0.829045643153527	0.8168438266557645	0.6534929805464846	0.8168438266557645
391	0.908146114810056	0.9049208193468856	0.8252114377768828	0.8249205051330971	0.834038950042337	0.8053965658217498	0.65016884138	0.8053965658217498
392	0.9103632104245349	0.9071401885314838	0.8272251308900523	0.8267005412140327	0.8476357267950964	0.7914963205233033	0.6540370897604161	0.7914963205233033
393	0.9096529481239211	0.9085565913832697	0.8231977446637132	0.8230564316214357	0.8250414593698175	0.8135731807031888	0.6462447559187896	0.8135731807031888
394	0.9093836389829848	0.9067498115219197	0.8260169150221506	0.8257381666212411	0.834319526627219	0.8070318887980377	0.6517893315327481	0.8070318887980377
395	0.911706186971927	0.9094176132337994	0.8256141763995167	0.8253173305299225	0.8347457627118644	0.8053965658217498	0.6509707116257826	0.8053965658217498
396	0.9106532855715196	0.9069590060882843	0.8308497784937575	0.8307281729808305	0.8320926385442514	0.8225674570727719	0.6615675388340914	0.8225674570727719
397	0.9107155835896638	0.9078715571537066	0.8211840515505437	0.8209402458175966	0.8275862068965517	0.8045789043336059	0.6421426025626626	0.8045789043336059
398	0.9094770860102012	0.906408602310662	0.8236004832863472	0.8234052356292749	0.8279030910609858	0.8103025347506132	0.6470124290895353	0.8103025347506132
399	0.9124102843644953	0.9107771802419129	0.8280306081353201	0.8279143791613129	0.8289256198347107	0.8201144726083401	0.6559311291753083	0.8201144726083401
400	0.9104991628703811	0.9085636846410575	0.8320579943616593	0.8321707614634842	0.8229166666666666	0.8397383483237939	0.6641421914862216	0.8397383483237939
401	0.909202585367753	0.9056479760446995	0.8280306081353201	0.8281544861062441	0.8184	0.8364677023712184	0.6560963022862127	0.8364677023712184
402	0.912413853521785	0.9091721259315015	0.8344744260974627	0.8343116068995056	0.8377703826955075	0.8233851185609158	0.66879182443886	0.8233851185609158
403	0.9103382263235085	0.9074123916542225	0.8300443012484897	0.8298624901037002	0.8340283569641368	0.8176614881439084	0.6599151204515831	0.8176614881439084
404	0.9136465106620463	0.9110469346466836	0.8364881192106323	0.8362957338836325	0.8412698412698413	0.8233851185609158	0.6728014753660989	0.8233851185609158
405	0.9161342132928397	0.9126698577552769	0.8336689488521949	0.8336980363145531	0.8282009724473258	0.8356500408830744	0.6673079487290124	0.8356500408830744
406	0.9147935080273593	0.9120254569597577	0.8336689488521949	0.8335059507586082	0.8369384359400999	0.8225674570727719	0.6671801058229907	0.8225674570727719
407	0.9131692169917844	0.9103946573633457	0.8312525171163915	0.8309209074744643	0.8424190800681431	0.8086672117743254	0.6622313805152806	0.8086672117743254
408	0.9118207244740361	0.9084570381384836	0.8340716874748288	0.8338667601136939	0.8393305439330544	0.8201144726083401	0.6679580541421989	0.8201144726083401
409	0.9120887357395943	0.9094019604672737	0.8328634716069271	0.8328203480901764	0.8306055646481179	0.8299264104660671	0.6656486875239906	0.8299264104660671
410	0.9107438123791354	0.9077701347623511	0.8284333467579541	0.8284432633778505	0.8237205523964257	0.8291087489779232	0.6568234436075394	0.8291087489779232
411	0.9113083881685681	0.9114765666202516	0.8236004832863472	0.8230090591701384	0.8470380194518126	0.7833197056418643	0.6467324290998767	0.7833197056418643
412	0.9110316162442083	0.9092662191120422	0.8256141763995167	0.8253653519189088	0.8324915824915825	0.8086672117743254	0.6510042474595583	0.8086672117743254
413	0.9116218250723565	0.9103834529936267	0.8336689488521949	0.8335779828420875	0.8336079077429983	0.8274734260016353	0.6672280584249813	0.8274734260016353
414	0.9111584835624081	0.9099983890572492	0.828836085380588	0.8286960246077172	0.8308457711442786	0.8192968111201963	0.6575262443405139	0.8192968111201963
415	0.9124550610650366	0.91174828616177	0.8336689488521949	0.833565977494841	0.8341584158415841	0.8266557645134914	0.6672200672842556	0.8266557645134914
416	0.913433010162364	0.913052478759678	0.8296415626258559	0.8294776700541214	0.8327787021630616	0.8184791496320524	0.6591215127436443	0.8184791496320524
417	0.9133392386663034	0.9121539715197271	0.8296415626258559	0.8294776700541214	0.8327787021630616	0.8184791496320524	0.6591215127436443	0.8184791496320524
418	0.9148908486807097	0.9135669763261475	0.8304470398711237	0.830247310153279	0.8352842809364549	0.8168438266557645	0.6607087853432744	0.8168438266557645
419	0.9127564926215783	0.9104107077535186	0.8252114377768828	0.8250525639528092	0.827930174563591	0.8143908421913328	0.6502612601502002	0.8143908421913328
420	0.9143804591883087	0.9125456690004444	0.8272251308900523	0.8270607016314293	0.8302828618968386	0.8160261651676206	0.6542863568960363	0.8160261651676206
421	0.913897325078846	0.9126404948873558	0.8284333467579541	0.8281071136549468	0.8391489361702128	0.8062142273098937	0.6565925931697587	0.8062142273098937
422	0.9151890355488066	0.914444107097788	0.8248086991542489	0.8245837064725046	0.8305369127516778	0.8094848732624693	0.6494091007795669	0.8094848732624693
423	0.915897675505198	0.9157123196399362	0.8284333467579541	0.828263183169152	0.8318068276436303	0.8168438266557645	0.6566998123425505	0.8168438266557645
424	0.9122474010045555	0.913555773401697	0.8276278695126863	0.8273254682085427	0.8371501272264631	0.8070318887980377	0.654996928902469	0.8070318887980377
425	0.9122989915508313	0.910312015832215	0.8219895287958116	0.8219379875144388	0.8198198198198198	0.8184791496320524	0.6438914353094176	0.8184791496320524
426	0.9112084517644614	0.9087669357761394	0.824405960531615	0.8242829238536515	0.8254755996691481	0.8160261651676206	0.6486748736468186	0.8160261651676206
427	0.9109066957390751	0.9096209551321245	0.8260169150221506	0.8260863216913912	0.8186946011281225	0.830744071954211	0.6520317417682198	0.830744071954211
428	0.9125530506560761	0.9112004002605276	0.8252114377768828	0.825004542563823	0.8301255230125523	0.8111201962387572	0.6502276589750347	0.8111201962387572
429	0.9147033056885877	0.9125946502221591	0.8324607329842932	0.8322554478318992	0.8376569037656904	0.8184791496320524	0.6647343459299873	0.8184791496320524
430	0.9125092473620682	0.9125347185351596	0.8264196536447845	0.8261950187542992	0.8322147651006712	0.8111201962387572	0.6526329251402145	0.8111201962387572
431	0.9097827356617217	0.9101440321336655	0.8248086991542489	0.8242475567496009	0.846830985915493	0.7865903515944399	0.6491731522723088	0.7865903515944399
432	0.9102856623706992	0.9098194303380535	0.8191703584373742	0.818728017235785	0.8347750865051903	0.7890433360588717	0.6379691902629048	0.7890433360588717
433	0.911996586587756	0.9110642263188085	0.8304470398711237	0.8303193422367585	0.831953642384106	0.821749795584628	0.6607576738533234	0.821749795584628
434	0.9135709094212772	0.9114900010523338	0.8296415626258559	0.8297057716518059	0.8225806451612904	0.8340147179067866	0.6592769908670926	0.8340147179067866
435	0.9146166725071058	0.9121265133108787	0.8348771647200967	0.8346484055600981	0.8413098236775819	0.8192968111201963	0.6695540344380766	0.8192968111201963
436	0.9147753377720671	0.913399851055593	0.8324607329842932	0.8325075601240769	0.826192400970089	0.8356500408830744	0.6649033667069157	0.8356500408830744
437	0.9145517787382056	0.9120781909359301	0.8304470398711237	0.830115251333567	0.8415672913117547	0.8078495502861816	0.6606191198017497	0.8078495502861816
438	0.9142951238822049	0.9119775876794025	0.8280306081353201	0.8277943256888474	0.8344537815126051	0.8119378577269011	0.6558484831074622	0.8119378577269011
439	0.913153966956093	0.9117736574557822	0.8276278695126863	0.8275535698062273	0.8266228430566968	0.8225674570727719	0.6551543317439704	0.8225674570727719
440	0.9133557865773727	0.9122220086371486	0.8292388240032219	0.8289968072265701	0.8359966358284272	0.812755519215045	0.6582623051499301	0.812755519215045
441	0.9127977001648302	0.9104538320719656	0.8272251308900523	0.8270727069786759	0.829734219269103	0.8168438266557645	0.6542946596145663	0.8168438266557645
442	0.9145657308985192	0.9129886630002173	0.8316552557390253	0.8313177328712897	0.8431372549019608	0.8086672117743254	0.6630334630906038	0.8086672117743254
443	0.9146763747744941	0.9131211967438426	0.8328634716069271	0.8325562304507521	0.8429541595925297	0.8119378577269011	0.6654719758984123	0.8119378577269011
444	0.9171053485444328	0.9145848195206013	0.8352799033427306	0.8350092149151838	0.84375	0.8168438266557645	0.670332285132658	0.8168438266557645
445	0.9139492400939663	0.9134381420833785	0.8320579943616593	0.8321107347272515	0.8255250403877221	0.8356500408830744	0.6641018778497428	0.8356500408830744
446	0.914960933951122	0.9151320107043033	0.8316552557390253	0.831173668704331	0.8503046127067014	0.7988552739165985	0.6629362871530535	0.7988552739165985
447	0.9154096743630677	0.9139427924346702	0.8320579943616593	0.831798595698841	0.8397976391231029	0.8143908421913328	0.6638920908358169	0.8143908421913328
448	0.9146315980739529	0.913307323433334	0.8284333467579541	0.8280110708769743	0.8438308886971527	0.7996729354047425	0.6565265788455095	0.7996729354047425
449	0.9141082298277721	0.9128097407135068	0.8356826419653645	0.8356221365624472	0.8342904019688269	0.8315617334423548	0.6712765087552388	0.8315617334423548
450	0.9134021856221366	0.9128868768794882	0.8324607329842932	0.8323514906098717	0.833195706028076	0.8250204415372036	0.6647987548985629	0.8250204415372036
451	0.9142746823450012	0.9137958179259429	0.8320579943616593	0.8319426598657997	0.8330578512396695	0.8242027800490597	0.663988948164177	0.8242027800490597
452	0.9160683461174058	0.9155303392474995	0.8312525171163915	0.8307888486547522	0.8489583333333334	0.7996729354047425	0.662142093758616	0.7996729354047425
453	0.917046619683578	0.915801176986074	0.8296415626258559	0.8293216005399162	0.8401360544217688	0.8078495502861816	0.6590150511927553	0.8078495502861816
454	0.9181173668704332	0.9170113655837733	0.8348771647200967	0.8345523627821256	0.8459574468085106	0.812755519215045	0.6694905239427256	0.812755519215045
455	0.913603680774572	0.9120046755630168	0.8324607329842932	0.8322914638736388	0.835970024979184	0.820932134096484	0.6647585021936643	0.820932134096484
456	0.9149842957079263	0.9145544268453292	0.8348771647200967	0.8345643681293722	0.8453695836873407	0.8135731807031888	0.6694984640896964	0.8135731807031888
457	0.9170070344845487	0.9156778485423653	0.8276278695126863	0.827505548417241	0.8287841191066998	0.8192968111201963	0.655121206240455	0.8192968111201963
458	0.9157526379317057	0.9152189852655267	0.8308497784937575	0.8307041622863373	0.833195020746888	0.820932134096484	0.6615512833244734	0.820932134096484
459	0.915559903438072	0.9133178159813808	0.8340716874748288	0.8337347012939818	0.8456947996589941	0.8111201962387572	0.6678703033333225	0.8111201962387572
460	0.9164252618463575	0.9138370606654663	0.8344744260974627	0.8343716336357383	0.834983498349835	0.8274734260016353	0.6688315923821527	0.8274734260016353
461	0.917687121182624	0.9149493267582509	0.8348771647200967	0.8346364002128516	0.8418839360807401	0.8184791496320524	0.6695460969610174	0.8184791496320524
462	0.9180446858492648	0.9146427124903657	0.8340716874748288	0.8339507975444198	0.8354011579818031	0.8258381030253475	0.6680138714277277	0.8258381030253475
463	0.9161153940998585	0.9129509999390668	0.8268223922674185	0.8263277265117004	0.8456843940714909	0.7931316434995912	0.6532514838520266	0.7931316434995912
464	0.916436618255915	0.9136166089965237	0.8316552557390253	0.8315458344689743	0.8323699421965318	0.8242027800490597	0.6631872104509599	0.8242027800490597
465	0.917047268621267	0.915546778489518	0.8260169150221506	0.8256061078015289	0.8406546080964685	0.7980376124284546	0.6516972944468653	0.7980376124284546
466	0.9147013588755207	0.912914405476062	0.8312525171163915	0.8311610144193955	0.8311367380560132	0.8250204415372036	0.6623935992253442	0.8250204415372036
467	0.9159057872263106	0.9145244402152933	0.833266210229561	0.8331691520980156	0.8334707337180544	0.8266557645134914	0.6664183100282646	0.8266557645134914
468	0.9136562447273813	0.9121916890421632	0.8348771647200967	0.8348284857687964	0.8329238329238329	0.8315617334423548	0.6696730508526272	0.8315617334423548
469	0.9133061428441641	0.9114957820986014	0.8320579943616593	0.8319666705602928	0.8319604612850082	0.8258381030253475	0.6640050856252233	0.8258381030253475
470	0.9155952705421226	0.9133992748472721	0.8360853805879984	0.8358869031395606	0.8411371237458194	0.8225674570727719	0.6719916285860159	0.8225674570727719
471	0.9136562447273814	0.9124333209464341	0.8272251308900523	0.8271087230204156	0.828099173553719	0.8192968111201963	0.6543195653775347	0.8192968111201963
472	0.9142733844696233	0.9133860761085615	0.8296415626258559	0.8295737128320939	0.8284072249589491	0.8250204415372036	0.6591869945080351	0.8250204415372036
473	0.9148794922711521	0.9135643012615572	0.8296415626258559	0.8292735791509299	0.8424657534246576	0.8045789043336059	0.6589822804126724	0.8045789043336059
474	0.915553414061182	0.9130857224968595	0.8328634716069271	0.8325682357979987	0.8423728813559322	0.812755519215045	0.665480012297228	0.812755519215045
475	0.9154742436631234	0.9138343401948438	0.837696335078534	0.8375822528520811	0.8388429752066116	0.8299264104660671	0.6752698947485931	0.8299264104660671
476	0.9144846136873938	0.9135268282044519	0.8296415626258559	0.8292615738036834	0.8430531732418525	0.803761242845462	0.6589740867334166	0.803761242845462
477	0.9142383418344171	0.9152019096987306	0.8352799033427306	0.8350812469986633	0.8403010033444817	0.821749795584628	0.6703797938370528	0.821749795584628
478	0.9148814390842193	0.9142767647393287	0.8324607329842932	0.8320393515814613	0.8481449525452976	0.803761242845462	0.6645893352106382	0.803761242845462
479	0.9151397162844424	0.9135069854185309	0.8340716874748288	0.8339147815026802	0.8370739817123857	0.8233851185609158	0.6679899520319873	0.8233851185609158
480	0.9155495204350477	0.9135377957151922	0.8292388240032219	0.8289487858375839	0.838272650296359	0.8094848732624693	0.6582294671546542	0.8094848732624693
481	0.9160994951264779	0.9135447136893386	0.8300443012484897	0.8297064205894951	0.8414322250639387	0.8070318887980377	0.6598089029287915	0.8070318887980377
482	0.914533284014069	0.9110512346105338	0.833266210229561	0.8331331360562759	0.8351284175642087	0.8242027800490597	0.6663942768276947	0.8242027800490597
483	0.9138798037612428	0.9103210595567823	0.8280306081353201	0.8276742722163818	0.8401709401709402	0.803761242845462	0.6557657973265576	0.803761242845462
484	0.9108359615309738	0.9098015186720501	0.8260169150221506	0.8257861880102273	0.8320738874895046	0.8103025347506132	0.6518227875054856	0.8103025347506132
485	0.9139586496904566	0.9107673309372498	0.8312525171163915	0.8310049449051902	0.8383838383838383	0.8143908421913328	0.6622881747934294	0.8143908421913328
486	0.9081110721748498	0.9060545594630731	0.8300443012484897	0.8299105114926865	0.831814415907208	0.820932134096484	0.6599477894233989	0.820932134096484
487	0.912363560850887	0.9108946790560059	0.8284333467579541	0.8281911510856728	0.8351555929352397	0.8119378577269011	0.6566503348912034	0.8119378577269011
488	0.9141030383262599	0.9117139541675756	0.8280306081353201	0.8277823203416008	0.835016835016835	0.8111201962387572	0.6558402163169317	0.8111201962387572
489	0.9132973821853626	0.9108241649614087	0.8328634716069271	0.8327483160066971	0.8338842975206612	0.8250204415372036	0.6656005119619508	0.8250204415372036
490	0.9128045140105647	0.9112282486608063	0.8364881192106323	0.8363197445781256	0.8401332223147377	0.8250204415372036	0.6728171920447781	0.8250204415372036
491	0.916006372568106	0.9139846971898691	0.8385018123238018	0.8382318394787732	0.8471283783783784	0.8201144726083401	0.6767805533941218	0.8201144726083401
492	0.9159226596062245	0.9147081108265995	0.8324607329842932	0.8321834157484198	0.8410819949281487	0.8135731807031888	0.6646860229574612	0.8135731807031888
493	0.9153058443328272	0.9140695531308018	0.8308497784937575	0.8305600981193786	0.8399661303979679	0.8111201962387572	0.6614537174645161	0.8111201962387572
494	0.9146010980025698	0.913213732383327	0.8308497784937575	0.8304520499941596	0.8452278589853827	0.803761242845462	0.6613805061466228	0.803761242845462
495	0.9115906760632843	0.910724870128562	0.8316552557390253	0.8313777596075225	0.8402366863905325	0.812755519215045	0.6630739365293721	0.812755519215045
496	0.9134177601266726	0.9121932772030216	0.8324607329842932	0.8322554478318992	0.8376569037656904	0.8184791496320524	0.6647343459299873	0.8184791496320524
497	0.9140702669729653	0.9127429829522062	0.8316552557390253	0.8314858077327415	0.8351373855120733	0.8201144726083401	0.6631467642234414	0.8201144726083401
498	0.9162309050085011	0.9140136315988873	0.8328634716069271	0.8325562304507521	0.8429541595925297	0.8119378577269011	0.6654719758984123	0.8119378577269011
499	0.9148596996716375	0.9130429618341174	0.8320579943616593	0.8317385689626082	0.842687074829932	0.8103025347506132	0.6638517171332836	0.8103025347506132
