Epoch	AUC_dev	PR_AUC	ACC	BACC	PREC	TPR	KAPPA	RECALL
0	0.7119526276985702	0.7162777401458823	0.5948449456302859	0.5881406345728497	0.8338557993730408	0.21821164889253486	0.17862887898322066	0.21821164889253486
1	0.7920984724976896	0.7970726140113398	0.6943213854208619	0.6906652059687853	0.8142076502732241	0.4889253486464315	0.3840616632191801	0.4889253486464315
2	0.8065168066790585	0.8128589010978039	0.6999597261377366	0.6961155647397224	0.8356940509915014	0.48400328137817883	0.39519157299201224	0.48400328137817883
3	0.8094658933967456	0.8120541441619281	0.7096254530809505	0.7062517523182521	0.8233766233766234	0.5200984413453651	0.4152259714179042	0.5200984413453651
4	0.8187830344440867	0.8215909031266091	0.7168747482883608	0.7138100850458459	0.8177339901477833	0.5447087776866284	0.43017683119311523	0.5447087776866284
5	0.827969076125897	0.8305551726075917	0.7261377366089408	0.7231418287452882	0.8282582216808769	0.5578342904019689	0.44889255617839996	0.5578342904019689
6	0.8291746061826979	0.8313162957754759	0.720499395892066	0.7170635559339986	0.8449408672798949	0.527481542247744	0.43705010940790356	0.527481542247744
7	0.8385212770376216	0.8393969246345225	0.7442609746274668	0.7419792499558675	0.818082788671024	0.616078753076292	0.4860950813976266	0.616078753076292
8	0.8476294379082252	0.8483209410027468	0.7482883608538059	0.7457743169852857	0.835214446952596	0.6070549630844955	0.493950559030759	0.6070549630844955
9	0.8479156498894093	0.849417911159124	0.752315747080145	0.750489351097081	0.8081632653061225	0.649712879409352	0.502733258284197	0.649712879409352
10	0.8520984984579598	0.8512551464668675	0.7547321788159485	0.752994192687511	0.8074596774193549	0.6570959803117309	0.5076712149473679	0.6570959803117309
11	0.8540812141099263	0.854088996930807	0.7503020539669755	0.7477959730428552	0.8376550169109357	0.6095159967186218	0.49800632081734975	0.6095159967186218
12	0.8564877311762079	0.85595213665269	0.7652033830044301	0.7633958240309031	0.8238289205702648	0.6636587366694011	0.5286211151080424	0.6636587366694011
13	0.8639435208357129	0.8624822046002295	0.779299234796617	0.7777810588675091	0.8285994123408423	0.694011484823626	0.5571730862733433	0.694011484823626
14	0.8662637200029075	0.8640782183902769	0.7776882803060814	0.7764762307764198	0.8137347130761995	0.7095980311730927	0.5542149708646165	0.7095980311730927
15	0.8680212303091348	0.8658062131741016	0.7760773258155457	0.7746603098617875	0.8202898550724638	0.6964725184577523	0.5508005591289251	0.6964725184577523
16	0.8693393630388054	0.8686040837423042	0.7805074506645188	0.7788655491635601	0.8356573705179283	0.6882690730106645	0.5594876490784213	0.6882690730106645
17	0.8743185429019429	0.8723433465241376	0.779701973419251	0.7779721913583452	0.8387096774193549	0.682526661197703	0.5577933572679972	0.682526661197703
18	0.8818781736430567	0.8794921890633167	0.7946033024567056	0.7938056847800127	0.8168007149240393	0.7497949138638228	0.5884706928399561	0.7497949138638228
19	0.8824006240849004	0.8803040048254132	0.7950060410793395	0.7942596650086707	0.8152753108348135	0.7530762920426579	0.5893196535959839	0.7530762920426579
20	0.8802601997902411	0.8791330698197793	0.7833266210229561	0.7818681789389519	0.8309037900874635	0.7013945857260049	0.565304798244889	0.7013945857260049
21	0.8820384783127901	0.8789240219194644	0.7877567458719291	0.7863800739348501	0.8326923076923077	0.7104183757178015	0.5742611946926984	0.7104183757178015
22	0.884996326621738	0.8825094292527881	0.7937978252114378	0.7929415322790002	0.8181818181818182	0.7456931911402789	0.5868085122979538	0.7456931911402789
23	0.882431127402623	0.8811653196641344	0.78372935964559	0.7820593114297878	0.841	0.689909762100082	0.565928451186398	0.689909762100082
24	0.8847623596847385	0.8824362485168175	0.7909786548530005	0.7896906574178877	0.8326996197718631	0.7186218211648893	0.5807976729577957	0.7186218211648893
25	0.8909649172905786	0.889889440774745	0.8022553362867499	0.8017157791715559	0.8154246100519931	0.7719442165709598	0.6040048630805075	0.7719442165709598
26	0.891447129313299	0.8908353347622965	0.8006443817962142	0.7995785999106967	0.8345656192236599	0.7407711238720263	0.6003582545350024	0.7407711238720263
27	0.8963724416153519	0.8966887041954184	0.8034635521546516	0.8021869580793554	0.8471035137701804	0.7317473338802297	0.6058425027698606	0.7317473338802297
28	0.90028595237848	0.8997612493472801	0.8163511880789368	0.8157067424014288	0.8349429323968394	0.7801476620180475	0.6321519724291365	0.7801476620180475
29	0.896933832462799	0.8973479172557162	0.806282722513089	0.8052772037673545	0.8385321100917431	0.7497949138638228	0.6117067052210674	0.7497949138638228
30	0.8978859253797987	0.8978065745859771	0.8091018928715263	0.8082506282385438	0.8352835283528353	0.7612797374897456	0.6174750680258401	0.7612797374897456
31	0.8988178990872367	0.8974965517597675	0.8082964156262585	0.8075471049106447	0.8302222222222222	0.7662018047579984	0.6159396789889653	0.7662018047579984
32	0.9029579132096239	0.9025344511132278	0.8183648811921064	0.8178598223279093	0.8316062176165803	0.7899917965545529	0.636286424282541	0.7899917965545529
33	0.9014470254722173	0.9014842777671244	0.8135320177204994	0.8128501391470493	0.8333333333333334	0.7752255947497949	0.6264778785674345	0.7752255947497949
34	0.9035887477803969	0.902975681596665	0.8179621425694724	0.8173036235345428	0.8372911169744943	0.7809680065627563	0.6353680478709476	0.7809680065627563
35	0.9029952310983271	0.9033575943028616	0.8179621425694724	0.8174642527076561	0.8308886971527178	0.7899917965545529	0.6354852916530798	0.7899917965545529
36	0.9032188139271659	0.9033056454236247	0.815142972211035	0.814432417628062	0.8362831858407079	0.7752255947497949	0.6296831942272407	0.7752255947497949
37	0.9057408541967373	0.906541514536304	0.8143374949657672	0.8135682651270495	0.8377896613190731	0.771123872026251	0.6280261023824062	0.771123872026251
38	0.9042124432768092	0.9052051203856591	0.8203785743052758	0.819501809430847	0.8491418247515808	0.771123872026251	0.6400504194251302	0.771123872026251
39	0.9042130922835692	0.9043332490393646	0.819573097060008	0.8186522595819358	0.8501362397820164	0.7678424938474159	0.6384045623312513	0.7678424938474159
40	0.9049179136249883	0.9051850982786888	0.8240032219089811	0.8229889227526195	0.859375	0.7670221493027072	0.6472159355627611	0.7670221493027072
41	0.9022887872400079	0.9027778922413884	0.8179621425694724	0.8173766367950488	0.8343504795117699	0.7850697292863003	0.6354213498475828	0.7850697292863003
42	0.9043571717843013	0.9034519594303525	0.8191703584373742	0.8186363589163145	0.8336221837088388	0.7891714520098442	0.6378781741815639	0.7891714520098442
43	0.9035809596992763	0.9034368165940913	0.8143374949657672	0.8135536624749484	0.8383928571428572	0.7703035274815423	0.6280152230437184	0.7703035274815423
44	0.9051496090383276	0.9055660766657989	0.819573097060008	0.8191633524054787	0.829205807002562	0.7965545529122231	0.6387744392545216	0.7965545529122231
45	0.9051775163290102	0.9066195930342281	0.819975835682642	0.8193544848963147	0.8380035026269702	0.7850697292863003	0.639427945267427	0.7850697292863003
46	0.9107953188440411	0.9102772898979262	0.828836085380588	0.8281884404107953	0.8488576449912126	0.7924528301886793	0.6571541725159983	0.7924528301886793
47	0.9097757292239956	0.9099325729144637	0.8280306081353201	0.8276163409518074	0.8384615384615385	0.8047579983593109	0.655701856221953	0.8047579983593109
48	0.908193450742983	0.9085812152872802	0.824405960531615	0.8238955851964154	0.8383751080380294	0.7957342083675144	0.648378188942466	0.7957342083675144
49	0.9099204577314877	0.9098512825623818	0.8272251308900523	0.8267083804944912	0.8416955017301038	0.7981952420016407	0.6540184364217583	0.7981952420016407
50	0.9101722723543888	0.9112450043178585	0.8328634716069271	0.8323485737427441	0.8477508650519031	0.8039376538146021	0.6653092100583442	0.8039376538146021
51	0.9086535965358618	0.9099077574299738	0.8256141763995167	0.8251261020134786	0.8387931034482758	0.7981952420016407	0.6508129161081748	0.7981952420016407
52	0.9089028151317224	0.9092615398294377	0.8284333467579541	0.8277928707905422	0.8481123792800702	0.7924528301886793	0.6563525005587986	0.7924528301886793
53	0.9088505700875379	0.9104743280983019	0.8207813129279098	0.8202916506578333	0.8336206896551724	0.793273174733388	0.6411356759079395	0.793273174733388
54	0.9121218886615925	0.9136121793938315	0.8328634716069271	0.8322463551780355	0.852014010507881	0.7981952420016407	0.6652407098120408	0.7981952420016407
55	0.9121348687967933	0.9134838919878467	0.8304470398711237	0.8298729374565166	0.8475609756097561	0.7981952420016407	0.6604306016332314	0.7981952420016407
56	0.909041702578374	0.9093782487907764	0.8316552557390253	0.8314685205761103	0.8334721065778518	0.8211648892534865	0.663111338467461	0.8211648892534865
57	0.912583656971371	0.9134356156266998	0.8292388240032219	0.8289344736814779	0.8354430379746836	0.8121410992616899	0.6581957350763059	0.8121410992616899
58	0.9115364845640233	0.9120496694334987	0.8276278695126863	0.8273667978525665	0.8320738874895046	0.8129614438063987	0.6550014089207408	0.8129614438063987
59	0.9114290739452341	0.9127408188762475	0.8248086991542489	0.8244955919460857	0.831081081081081	0.8072190319934373	0.649323048242289	0.8072190319934373
60	0.915873147734707	0.9174017523744461	0.8304470398711237	0.8301065798901361	0.838135593220339	0.8113207547169812	0.6605893676922812	0.8113207547169812
61	0.9129727365240234	0.9141527607826228	0.8308497784937575	0.8303853282935796	0.8435081685296647	0.8047579983593109	0.6613114430394218	0.8047579983593109
62	0.9127819285365677	0.9141574071161632	0.8264196536447845	0.8260194598186934	0.8361774744027304	0.8039376538146021	0.6524867373682302	0.8039376538146021
63	0.9133913458842589	0.9153344172968644	0.8227950060410794	0.8223717173238076	0.8331907613344739	0.7990155865463495	0.6452145268108991	0.7990155865463495
64	0.9118531998629298	0.9135312085142937	0.8240032219089811	0.8237044527055795	0.8296795952782462	0.8072190319934373	0.6477210340935027	0.8072190319934373
65	0.9143551209229396	0.9159818456986637	0.8272251308900523	0.8269420229281108	0.8324915824915825	0.8113207547169812	0.6541801815899231	0.8113207547169812
66	0.9125998821403724	0.9147081294662668	0.8328634716069271	0.8323777790469465	0.846551724137931	0.8055783429040196	0.6653287764085278	0.8055783429040196
67	0.9131262266227764	0.9149658967844712	0.8280306081353201	0.8276747515602123	0.8361629881154499	0.8080393765381461	0.6557421016453411	0.8080393765381461
68	0.915014836294535	0.9161618040789976	0.8340716874748288	0.8340609780791477	0.8293877551020408	0.8334700574241182	0.6680634231717946	0.8334700574241182
69	0.9122338423277017	0.9130578014033394	0.8284333467579541	0.8281579370930727	0.8334735071488646	0.8129614438063987	0.6566035187687361	0.8129614438063987
70	0.9131752266331605	0.9133219874261453	0.8300443012484897	0.8299154473993001	0.8296112489660876	0.822805578342904	0.6599272616807446	0.822805578342904
71	0.9134864253746067	0.9141845503347965	0.828836085380588	0.8287287385385407	0.8275577557755776	0.822805578342904	0.6575246883069804	0.822805578342904
72	0.9163417306154662	0.9173927418296652	0.8284333467579541	0.8283623742224899	0.8258011503697618	0.8244462674323215	0.656743928851205	0.8244462674323215
73	0.9162008961485344	0.9180679187858175	0.8360853805879984	0.8358781970072999	0.83889816360601	0.8244462674323215	0.6719624551277037	0.8244462674323215
74	0.9154435052595508	0.9168079307135425	0.8348771647200967	0.8346476801902368	0.8384937238493724	0.8219852337981952	0.6695300063105574	0.8219852337981952
75	0.913538994922171	0.9147089047576161	0.8304470398711237	0.8302380037590471	0.8330550918196995	0.8187038556193601	0.6606786083753396	0.8187038556193601
76	0.915467843013053	0.9158390355057847	0.828836085380588	0.8286119173217308	0.8319397993311036	0.8162428219852338	0.6574446446581621	0.8162428219852338
77	0.9126216238668343	0.9139171586286972	0.8300443012484897	0.8297402155740854	0.8362869198312236	0.8129614438063987	0.6598080193448139	0.8129614438063987
78	0.9144297567003457	0.9150171214293024	0.8348771647200967	0.8346476801902368	0.8384937238493724	0.8219852337981952	0.6695300063105574	0.8219852337981952
79	0.9155097039490764	0.916092734177588	0.8324607329842932	0.8324494942939326	0.8277551020408164	0.8318293683347006	0.6648407379598702	0.8318293683347006
80	0.9152397171368938	0.9157545839984376	0.8368908578332662	0.8366839388999076	0.8397328881469115	0.8252666119770303	0.6735744332351843	0.8252666119770303
81	0.9128487762328531	0.9134448568699688	0.8264196536447845	0.8260632677749971	0.83446519524618	0.8063986874487284	0.6525172033000983	0.8063986874487284
82	0.9147811938609152	0.9155523393210928	0.8280306081353201	0.8276747515602123	0.8361629881154499	0.8080393765381461	0.6557421016453411	0.8080393765381461
83	0.9105266300453785	0.9108105104764326	0.8336689488521949	0.8333295474605664	0.8415254237288136	0.8146021328958163	0.6670389759071547	0.8146021328958163
84	0.9157151145886335	0.9165752384371577	0.8316552557390253	0.8315999444450213	0.8285479901558654	0.8285479901558654	0.6631998888900427	0.8285479901558654
85	0.9156781212033105	0.9158929584391303	0.8352799033427306	0.8349118259415791	0.8443877551020408	0.8146021328958163	0.6702445078200875	0.8146021328958163
86	0.9116958157236166	0.9115928233167243	0.8304470398711237	0.8302526064111484	0.8325	0.8195242001640689	0.6606885211100966	0.8195242001640689
87	0.9140685844383755	0.9143737887036493	0.833266210229561	0.833050799057123	0.8362573099415205	0.8211648892534865	0.6663156575804654	0.8211648892534865
88	0.9140358095969927	0.9140738346948614	0.8304470398711237	0.8303840302800594	0.8275862068965517	0.8269073010664479	0.6607777096671293	0.8269073010664479
89	0.9149635647604906	0.9156683355586048	0.8312525171163915	0.8313504013457804	0.8225806451612904	0.8367514356029533	0.6624976440166783	0.8367514356029533
90	0.9147159686815299	0.9150020596228231	0.8292388240032219	0.8290366922461865	0.8315262718932444	0.8178835110746514	0.6582656329729428	0.8178835110746514
91	0.9148425249997404	0.914682178696378	0.8364881192106323	0.8364343958006667	0.8334700574241182	0.8334700574241182	0.6728687916013334	0.8334700574241182
92	0.9152101873293113	0.9148353550657315	0.8340716874748288	0.8340755807312489	0.8288508557457213	0.8342904019688269	0.668073116348128	0.8342904019688269
93	0.9149074256757458	0.9147450748407678	0.8348771647200967	0.8349397332322613	0.8275303643724696	0.8383921246923708	0.6697229907551117	0.8383921246923708
94	0.9129188689629391	0.911699994184371	0.8340716874748288	0.8338711436018318	0.8365304420350292	0.822805578342904	0.6679373603416331	0.822805578342904
95	0.9137103327068254	0.9118953178134914	0.8340716874748288	0.8339879648186416	0.8320987654320988	0.8293683347005743	0.6680149487968658	0.8293683347005743
96	0.9134458624521034	0.9122392648775305	0.8324607329842932	0.8324494942939326	0.8277551020408164	0.8318293683347006	0.6648407379598702	0.8318293683347006
97	0.9127751139655872	0.9119630229812554	0.8312525171163915	0.8312043748247682	0.8278688524590164	0.8285479901558654	0.6623990768662646	0.8285479901558654
98	0.9154493463203912	0.9146725279754522	0.8336689488521949	0.8337238190672994	0.826580226904376	0.8367514356029533	0.667301472565841	0.8367514356029533
99	0.9149278693886875	0.9147483677890709	0.8340716874748288	0.8340755807312489	0.8288508557457213	0.8342904019688269	0.668073116348128	0.8342904019688269
100	0.9133371538197941	0.9126297491631116	0.837696335078534	0.8374166675320089	0.8434343434343434	0.8219852337981952	0.6751389584632611	0.8219852337981952
101	0.9131654915317597	0.9126824549785442	0.8336689488521949	0.8334901766336799	0.8352745424292846	0.8236259228876128	0.6671459689756163	0.8236259228876128
102	0.9137813989470513	0.914462778157199	0.8368908578332662	0.8368153627688186	0.834703947368421	0.8326497128794094	0.6736602372158726	0.8326497128794094
103	0.9165302670792619	0.9163864723272203	0.8372935964559001	0.8371233164764644	0.8387364921030757	0.8277276456111566	0.674404202392019	0.8277276456111566
104	0.9188952477129002	0.91975832485726	0.838099073701168	0.8377830318480597	0.8453085376162299	0.8203445447087777	0.6759213925140551	0.8203445447087777
105	0.9165166379373008	0.916729961916529	0.8360853805879984	0.8357613757904903	0.8434856175972927	0.8178835110746514	0.6718857702046808	0.8178835110746514
106	0.9201767115606277	0.9205964054438023	0.8356826419653645	0.8353950114744395	0.8416175231676495	0.8195242001640689	0.6711036195146276	0.8195242001640689
107	0.9149963396018732	0.9165989826960792	0.833266210229561	0.8328171566235034	0.8454935622317596	0.8080393765381461	0.6661596088856788	0.8080393765381461
108	0.9125122662277648	0.9132157582292152	0.8308497784937575	0.8307357919440088	0.8298926507018992	0.8244462674323215	0.6615488668316202	0.8244462674323215
109	0.9165818631166862	0.9166990421339959	0.837696335078534	0.8378547470950457	0.8269230769230769	0.8465955701394585	0.6754234679463123	0.8465955701394585
110	0.9162025186654346	0.9145230184261639	0.8344744260974627	0.8341790973094776	0.8406408094435076	0.8178835110746514	0.6686804233694041	0.8178835110746514
111	0.9177140554096013	0.9153621648023931	0.8360853805879984	0.8364038924829441	0.8196850393700787	0.8539786710418376	0.67230709416922	0.8539786710418376
112	0.915649240402488	0.9145862455972775	0.8316552557390253	0.8318043815744385	0.8211708099438653	0.8400328137817884	0.6633375415032379	0.8400328137817884
113	0.9158465384575446	0.9148636796218819	0.837696335078534	0.8374896807925152	0.840567612687813	0.8260869565217391	0.6751864113426648	0.8260869565217391
114	0.9186233138804374	0.9172208122607328	0.8405155054369714	0.8402732707863885	0.8449287510477788	0.8269073010664479	0.6808050221038273	0.8269073010664479
115	0.9176173534023531	0.9171345160470213	0.842529198550141	0.8423679401044641	0.8438538205980066	0.8334700574241182	0.6848858974662743	0.8334700574241182
116	0.9167619624926013	0.9170746610926472	0.833266210229561	0.8329777857966169	0.8390901432181971	0.8170631665299426	0.6662669080369016	0.8170631665299426
117	0.9168700221181503	0.9172610295222541	0.8352799033427306	0.8351892763315023	0.8336079077429983	0.8301886792452831	0.6704275027609141	0.8301886792452831
118	0.9140779950363962	0.9137924653445232	0.8256141763995167	0.8252575258823895	0.833616298811545	0.8055783429040196	0.650904754127477	0.8055783429040196
119	0.9183867509163975	0.9175793098162893	0.838099073701168	0.838060482237983	0.8345618345618345	0.8359310910582445	0.6761012187342013	0.8359310910582445
120	0.9167272406309385	0.9161736066119697	0.8360853805879984	0.8359366076157049	0.8366500829187397	0.8277276456111566	0.6720007841490246	0.8277276456111566
121	0.9155148960031568	0.9132940694426293	0.8356826419653645	0.8355848459517554	0.8342951360263808	0.8301886792452831	0.6712285022012993	0.8301886792452831
122	0.919036082179832	0.9173650991893281	0.838099073701168	0.8379874689774769	0.8373245251857968	0.8318293683347006	0.6760539153959793	0.8318293683347006
123	0.9179726846034828	0.9178763249914496	0.8360853805879984	0.8359512102678062	0.8360927152317881	0.8285479901558654	0.6720103650048668	0.8285479901558654
124	0.9173064791642871	0.9163046342346612	0.8356826419653645	0.8358038857332738	0.826226870474658	0.8424938474159147	0.6713724798164733	0.8424938474159147
125	0.9167337306985389	0.9156872847193273	0.837696335078534	0.8372560383588956	0.8499142367066895	0.8129614438063987	0.6750345133079614	0.8129614438063987
126	0.917425571904757	0.917595957287594	0.8348771647200967	0.8348959252759577	0.8291293734743694	0.8359310910582445	0.6696940574585621	0.8359310910582445
127	0.9170845188523484	0.9169396151716627	0.8316552557390253	0.8316437524013249	0.8269387755102041	0.8310090237899918	0.6632293953539081	0.8310090237899918
128	0.9156758496796502	0.9147495444016147	0.8300443012484897	0.8299008447471989	0.8301574150787076	0.8219852337981952	0.6599173280122762	0.8219852337981952
129	0.9185671747956927	0.9191902395790684	0.8364881192106323	0.8363467798880593	0.8367854183927091	0.8285479901558654	0.6728114577558866	0.8285479901558654
130	0.9167204260599578	0.916794122433184	0.8393072895690696	0.8392471910987425	0.8366174055829229	0.8359310910582445	0.6785042901595834	0.8359310910582445
131	0.9174904725807624	0.9176008376929627	0.8372935964559001	0.8370357005638571	0.8421494542401343	0.822805578342904	0.6743471243083627	0.822805578342904
132	0.9175475851756472	0.9177920500244432	0.842126459927507	0.8418117413110975	0.849535080304311	0.8244462674323215	0.6839830494166905	0.8244462674323215
133	0.9177280090549422	0.9175879542117981	0.8393072895690696	0.8392325884466413	0.837171052631579	0.8351107465135357	0.6784949003682301	0.8351107465135357
134	0.915170922420328	0.9142674405779261	0.8312525171163915	0.831131361564262	0.8305785123966942	0.8244462674323215	0.6623497716980931	0.8244462674323215
135	0.9200543737863573	0.9204953850105094	0.8409182440596054	0.8410485093612735	0.8311897106109325	0.8482362592288761	0.6818480989581728	0.8482362592288761
136	0.9159799093467356	0.9158111135614103	0.8372935964559001	0.837094111172262	0.8398665554628857	0.8260869565217391	0.6743851785874266	0.8260869565217391
137	0.9136077896387368	0.9142515911252709	0.8316552557390253	0.8313663020114017	0.8374052232518955	0.815422477440525	0.6630424337184175	0.815422477440525
138	0.9146221872047019	0.9140970563664961	0.8324607329842932	0.8324202889897301	0.8288288288288288	0.8301886792452831	0.6648211616751933	0.8301886792452831
139	0.9163073332571832	0.9149972354738731	0.833266210229561	0.8331530176218316	0.8323699421965318	0.8269073010664479	0.6663838830197399	0.8269073010664479
140	0.9144839487648104	0.9150621652140118	0.8284333467579541	0.8280849238325666	0.8363019508057676	0.8088597210828548	0.6565533444681398	0.8088597210828548
141	0.9123616966594325	0.9109404897086697	0.8272251308900523	0.8267375857986936	0.8405172413793104	0.7998359310910582	0.6540386628415866	0.7998359310910582
142	0.9158020814944808	0.9147692601147477	0.8316552557390253	0.831775176270236	0.8222043443282381	0.8383921246923708	0.6633178837335437	0.8383921246923708
143	0.9134364518540825	0.912728922110843	0.8320579943616593	0.8320393220215782	0.8276143790849673	0.8310090237899918	0.6640301610360247	0.8310090237899918
144	0.9159205252281908	0.9160251785141296	0.8360853805879984	0.8358051837467939	0.8417508417508418	0.8203445447087777	0.6719145312519783	0.8203445447087777
145	0.9165698564916254	0.9151512317402232	0.8296415626258559	0.8298265334731727	0.8178913738019169	0.8400328137817884	0.6593353414742288	0.8400328137817884
146	0.914945068067829	0.9122541099733742	0.8368908578332662	0.8368883760293248	0.831973898858075	0.8367514356029533	0.6737078866054478	0.8367514356029533
147	0.9136545181254608	0.9139418799612461	0.8304470398711237	0.8305154541489703	0.8228155339805825	0.8342904019688269	0.6608668513497775	0.8342904019688269
148	0.9154428562527906	0.9153458993964023	0.8320579943616593	0.8317180636753512	0.8398305084745763	0.8129614438063987	0.6638141717997179	0.8129614438063987
149	0.9164199359300527	0.9162830821563467	0.8389045509464358	0.8388662241305906	0.8353808353808354	0.8367514356029533	0.6777126554569166	0.8367514356029533
150	0.9145881143497991	0.9149407349222397	0.8348771647200967	0.834662282842338	0.8379281537176274	0.822805578342904	0.6695396608888666	0.822805578342904
151	0.9170293532777438	0.9164598664137874	0.8344744260974627	0.8343835344388948	0.8327841845140033	0.8293683347005743	0.6688159013074222	0.8293683347005743
152	0.9196023405779794	0.9196769026990402	0.8352799033427306	0.8350578524625912	0.8386287625418061	0.822805578342904	0.6703408462710312	0.822805578342904
153	0.9160256643233196	0.915127168153347	0.8324607329842932	0.8326393287712486	0.820943245403677	0.8424938474159147	0.6649679280924999	0.8424938474159147
154	0.9178331481500712	0.9174718580414707	0.8356826419653645	0.8353366008660346	0.8439355385920272	0.8162428219852338	0.6710651749835705	0.8162428219852338
155	0.9163316710106851	0.9143703026706996	0.8296415626258559	0.8292862353454273	0.8378607809847198	0.8096800656275636	0.6589669999905837	0.8096800656275636
156	0.9181313667563161	0.9175368119701216	0.8312525171163915	0.8314964278667927	0.8174603174603174	0.844954881050041	0.6625961536278688	0.844954881050041
157	0.9155009423578157	0.9149341706941378	0.8344744260974627	0.8343835344388948	0.8327841845140033	0.8293683347005743	0.6688159013074222	0.8293683347005743
158	0.9164952207142189	0.9140700906772804	0.8356826419653645	0.8355994486038567	0.8337448559670781	0.8310090237899918	0.6712381046337895	0.8310090237899918
159	0.9167869492528634	0.9150328859838528	0.8389045509464358	0.8387494029137808	0.8398340248962656	0.8301886792452831	0.6776373400601492	0.8301886792452831
160	0.917092306933469	0.916334578988737	0.8368908578332662	0.8369759919419321	0.8287560581583199	0.8416735028712059	0.6737650475087162	0.8416735028712059
161	0.9149720018483712	0.9145572551090044	0.8272251308900523	0.8270734467970218	0.8275290215588723	0.8187038556193601	0.6542710968057287	0.8187038556193601
162	0.9159163066842505	0.9159353505538264	0.8356826419653645	0.835687064516464	0.830480847595762	0.8359310910582445	0.6712957074515443	0.8359310910582445
163	0.9138667433359987	0.9131188668201428	0.8296415626258559	0.8292862353454273	0.8378607809847198	0.8096800656275636	0.6589669999905837	0.8096800656275636
164	0.9159523265594334	0.9160110437129487	0.8372935964559001	0.8371379191285656	0.8381742738589212	0.8285479901558654	0.6744137134607507	0.8285479901558654
165	0.916460174349176	0.9146568782262858	0.8348771647200967	0.8346914881465405	0.8368026644462948	0.8244462674323215	0.6695589683532512	0.8244462674323215
166	0.9181862078275408	0.9160866727566629	0.8348771647200967	0.8347645014070466	0.8340214698596201	0.8285479901558654	0.669607227145153	0.8285479901558654
167	0.9197899035316353	0.9200097699372833	0.8352799033427306	0.8351600710272998	0.8347107438016529	0.8285479901558654	0.6704082497005253	0.8285479901558654
168	0.9152475052180143	0.915728606694128	0.8312525171163915	0.8307516926096302	0.8454231433506045	0.8031173092698933	0.6620931524930924	0.8031173092698933
169	0.915994836502217	0.914241623144309	0.838099073701168	0.8378998530648696	0.8407005838198499	0.8269073010664479	0.675997133148875	0.8269073010664479
170	0.9151657303662475	0.9138208879522693	0.8304470398711237	0.8300043613254275	0.8421955403087479	0.8055783429040196	0.6605199258130315	0.8055783429040196
171	0.9146270547554023	0.9133824053268991	0.8328634716069271	0.8329180771746918	0.8257698541329012	0.8359310910582445	0.6656903416823827	0.8359310910582445
172	0.9165831611302065	0.9144687764296168	0.8352799033427306	0.8349848392020851	0.8414839797639123	0.8187038556193601	0.6702926840829351	0.8187038556193601
173	0.9177990752951682	0.9182688511055359	0.8356826419653645	0.835687064516464	0.830480847595762	0.8359310910582445	0.6712957074515443	0.8359310910582445
174	0.9182747972502883	0.9165722715362672	0.8393072895690696	0.8393056017071474	0.8344208809135399	0.8392124692370796	0.6785418438409226	0.8392124692370796
175	0.9183364528924933	0.9181395614756476	0.8356826419653645	0.8357746804290713	0.8272800645682001	0.8408531583264971	0.6713532900874994	0.8408531583264971
176	0.9155882337670429	0.9147565530777086	0.833266210229561	0.8329777857966169	0.8390901432181971	0.8170631665299426	0.6662669080369016	0.8170631665299426
177	0.9158546510420453	0.913975993268562	0.8336689488521949	0.8336069978504896	0.8308702791461412	0.8301886792452831	0.6672237389371126	0.8301886792452831
178	0.9158835318428675	0.914666009101176	0.8356826419653645	0.8360667334710958	0.8170445660672401	0.8572600492206727	0.6715450865860095	0.8572600492206727
179	0.9172801943905048	0.9179121527252472	0.8356826419653645	0.8356724618643627	0.8310204081632653	0.8351107465135357	0.6712861083837189	0.8351107465135357
180	0.9133511074651354	0.9139848717023475	0.8272251308900523	0.827277883926439	0.820097244732577	0.8301886792452831	0.6544124254981739	0.8301886792452831
181	0.9151374985721852	0.9149483857413991	0.833266210229561	0.8333574547512487	0.8248587570621468	0.8383921246923708	0.6665202502358452	0.8383921246923708
182	0.9159575186135139	0.9160916219744621	0.8364881192106323	0.8365804223216788	0.8280871670702179	0.8416735028712059	0.6729643033713844	0.8416735028712059
183	0.9136139552029574	0.9127139704996604	0.8328634716069271	0.8329180771746918	0.8257698541329012	0.8359310910582445	0.6656903416823827	0.8359310910582445
184	0.9147013660294285	0.913818593328276	0.8336689488521949	0.8336069978504896	0.8308702791461412	0.8301886792452831	0.6672237389371126	0.8301886792452831
185	0.916471531967477	0.9169704865725123	0.8336689488521949	0.833504779285781	0.834717607973422	0.8244462674323215	0.6671556922086221	0.8244462674323215
186	0.915803704011381	0.9169460950790784	0.8368908578332662	0.8368007601167173	0.8352553542009885	0.8318293683347006	0.6736507056678978	0.8318293683347006
187	0.9153091608602195	0.9171532698569891	0.833266210229561	0.832992388448718	0.8385197645079899	0.8178835110746514	0.6662766590851097	0.8178835110746514
188	0.9127530477357452	0.9117129302460127	0.8292388240032219	0.8293725532445146	0.8192771084337349	0.8367514356029533	0.65849509634417	0.8367514356029533
189	0.914681571323247	0.9136826943711533	0.8340716874748288	0.8340317727749452	0.8304668304668305	0.8318293683347006	0.6680440351206242	0.8318293683347006
190	0.915647942388968	0.914355474474986	0.8401127668143374	0.8403011780770708	0.8282747603833865	0.8506972928630024	0.6802745403434252	0.8506972928630024
191	0.9149989356289134	0.9148927550206897	0.8389045509464358	0.8387640055658819	0.8392709196354599	0.8310090237899918	0.6776467564097405	0.8310090237899918
192	0.9153711410058046	0.9155752561998955	0.833266210229561	0.8335910971848683	0.8166797797010228	0.8515176374077112	0.6666759620385658	0.8515176374077112
193	0.9156184125813855	0.9155948054585807	0.8328634716069271	0.8327428453494772	0.8322314049586776	0.8260869565217391	0.6655731628990659	0.8260869565217391
194	0.9165562273496641	0.9165825132523705	0.8368908578332662	0.8367277468562112	0.8380398671096345	0.8277276456111566	0.6736030395750412	0.8277276456111566
195	0.9153510217962431	0.9147899940616473	0.838099073701168	0.8379874689774769	0.8373245251857968	0.8318293683347006	0.6760539153959793	0.8318293683347006
196	0.9135484055201918	0.9129156898745094	0.8356826419653645	0.8353366008660346	0.8439355385920272	0.8162428219852338	0.6710651749835705	0.8162428219852338
197	0.9137301274130073	0.9138463850846879	0.8312525171163915	0.8311167589121609	0.8311258278145696	0.8236259228876128	0.6623399089362141	0.8236259228876128
198	0.9152484787281544	0.9153752426640818	0.8336689488521949	0.8338698455883117	0.8213716108452951	0.844954881050041	0.667398588547574	0.844954881050041
199	0.9162232868817561	0.9149686608171984	0.8324607329842932	0.8326247261191473	0.8214571657325861	0.8416735028712059	0.6649581476635285	0.8416735028712059
200	0.9112944050425229	0.9106199376320366	0.8284333467579541	0.8285084007435022	0.8205335489086499	0.8326497128794094	0.6568441514876842	0.8326497128794094
201	0.914921703824467	0.9131839054915559	0.8320579943616593	0.8322437591509954	0.8202875399361023	0.8424938474159147	0.6641674642901971	0.8424938474159147
202	0.9150541012035182	0.9131678423821928	0.8336689488521949	0.8338114349799067	0.8234349919743178	0.8416735028712059	0.6673597489593224	0.8416735028712059
203	0.9116224779597305	0.9084200687451669	0.828836085380588	0.8287871491469455	0.8254098360655737	0.8260869565217391	0.6575646961053998	0.8260869565217391
204	0.9143814056967217	0.9126741709390362	0.8336689488521949	0.8336800111109957	0.8281758957654723	0.8342904019688269	0.6672723267111978	0.8342904019688269
205	0.9130610014433911	0.9121282217052926	0.8304470398711237	0.8303840302800594	0.8275862068965517	0.8269073010664479	0.6607777096671293	0.8269073010664479
206	0.9145650746098172	0.9137739561583578	0.8336689488521949	0.8333587527647688	0.8403716216216216	0.8162428219852338	0.6670584343081962	0.8162428219852338
207	0.9130908557543536	0.9116796775516249	0.8264196536447845	0.8262823075565155	0.8261589403973509	0.8187038556193601	0.6526694528675616	0.8187038556193601
208	0.9148094256549776	0.9149530251866625	0.8364881192106323	0.8362299586712495	0.8413098236775819	0.8219852337981952	0.6727349813593942	0.8219852337981952
209	0.9150044521863739	0.9132226518424964	0.8328634716069271	0.8326844347410722	0.8344425956738769	0.822805578342904	0.6655340850481375	0.822805578342904
210	0.9156641675579693	0.9135338914300369	0.8336689488521949	0.8337238190672994	0.826580226904376	0.8367514356029533	0.667301472565841	0.8367514356029533
211	0.9158231742141827	0.9139904608848064	0.837696335078534	0.8375918993572238	0.8366336633663366	0.8318293683347006	0.6752528220887367	0.8318293683347006
212	0.9163612008182678	0.9155796100214417	0.838099073701168	0.8381627008026915	0.8307692307692308	0.8416735028712059	0.6761674202037924	0.8416735028712059
213	0.9139008161909015	0.9127770117576207	0.8364881192106323	0.8364343958006667	0.8334700574241182	0.8334700574241182	0.6728687916013334	0.8334700574241182
214	0.9134942134557273	0.9114796170632248	0.8312525171163915	0.8308831164785413	0.8401360544217688	0.8105004101722724	0.6621820263486959	0.8105004101722724
215	0.9141766440639246	0.9121144845444922	0.8280306081353201	0.8282588576442612	0.814785373608903	0.8408531583264971	0.6561440390064561	0.8408531583264971
216	0.912762133830386	0.9104597673198482	0.833266210229561	0.8333428520991475	0.8253839935327405	0.837571780147662	0.6665105134176085	0.837571780147662
217	0.9175543997466277	0.9169756671379516	0.8356826419653645	0.8359937202105897	0.8195429472025216	0.8531583264971287	0.671497158451588	0.8531583264971287
218	0.9123454714904311	0.9111656789195637	0.8316552557390253	0.831439315271908	0.8345864661654135	0.8195242001640689	0.6630916542720641	0.8195242001640689
219	0.9131132464875753	0.9116353196574547	0.8300443012484897	0.8300030633119074	0.8263718263718264	0.8277276456111566	0.6599868515070471	0.8277276456111566
220	0.9141299155772006	0.9127042540446838	0.833266210229561	0.8331238123176291	0.8334714167357083	0.8252666119770303	0.6663643928840814	0.8252666119770303
221	0.9178350951703512	0.9165301087777231	0.8372935964559001	0.8371525217806668	0.8376139188069595	0.8293683347005743	0.6744232239738379	0.8293683347005743
222	0.9165893266944268	0.9164354712799158	0.8340716874748288	0.8341193886875526	0.8272506082725061	0.8367514356029533	0.6681021924807171	0.8367514356029533
223	0.9140367831071328	0.9130453992497317	0.8308497784937575	0.8309110237692235	0.8234817813765182	0.8342904019688269	0.6616674539442607	0.8342904019688269
224	0.9160019755765776	0.9148418249201846	0.837696335078534	0.837737925878236	0.8311688311688312	0.8400328137817884	0.6753476474888043	0.8400328137817884
225	0.9167927903137039	0.9149612534896409	0.8393072895690696	0.8392471910987425	0.8366174055829229	0.8359310910582445	0.6785042901595834	0.8359310910582445
226	0.9169865188315802	0.915948043052474	0.838099073701168	0.838060482237983	0.8345618345618345	0.8359310910582445	0.6761012187342013	0.8359310910582445
227	0.9128085378137298	0.9105255297612616	0.8320579943616593	0.8319225008047684	0.831953642384106	0.8244462674323215	0.6639516516143229	0.8244462674323215
228	0.9149048296487056	0.9111697130283865	0.8364881192106323	0.8363029719317556	0.8384679433805162	0.8260869565217391	0.6727827832961463	0.8260869565217391
229	0.9158017569911008	0.9125369145738749	0.8344744260974627	0.8343689317867935	0.8333333333333334	0.8285479901558654	0.6688062279862799	0.8285479901558654
230	0.9149827104599121	0.9110827547949023	0.842529198550141	0.8423241321481605	0.845575959933222	0.8310090237899918	0.6848582799875482	0.8310090237899918
231	0.9141983857903863	0.9126817175277597	0.8328634716069271	0.832859666566287	0.8278955954323002	0.8326497128794094	0.6656512912129897	0.8326497128794094
232	0.9173162142656879	0.9155414840971996	0.8413209826822392	0.8410498073747936	0.8469301934398654	0.8260869565217391	0.6823985596123991	0.8260869565217391
233	0.9152442601842141	0.9132315650425353	0.8389045509464358	0.8388370188263881	0.8364831552999178	0.8351107465135357	0.6776938299072348	0.8351107465135357
234	0.9166506578332521	0.915480998699846	0.8324607329842932	0.8322742624687178	0.8343047460449625	0.8219852337981952	0.6647232459389085	0.8219852337981952
235	0.9154892602361346	0.9143347220363301	0.8340716874748288	0.8340609780791477	0.8293877551020408	0.8334700574241182	0.6680634231717946	0.8334700574241182
236	0.9160590881714624	0.9139551179846578	0.8364881192106323	0.8364928064090715	0.8312958435207825	0.8367514356029533	0.6729070030032525	0.8367514356029533
237	0.9131927498156821	0.912349660868609	0.8352799033427306	0.8351600710272998	0.8347107438016529	0.8285479901558654	0.6704082497005253	0.8285479901558654
238	0.9153273330495011	0.9147184247297582	0.8336689488521949	0.8334755739815786	0.8358333333333333	0.822805578342904	0.6671362451745129	0.822805578342904
239	0.9162161478073956	0.9146388793553091	0.8324607329842932	0.8323034677729204	0.833195020746888	0.8236259228876128	0.6647428336625552	0.8236259228876128
240	0.9158342073291035	0.9143361352769572	0.8368908578332662	0.836450296466288	0.8490566037735849	0.8121410992616899	0.6734217813640803	0.8121410992616899
241	0.915291962181078	0.9140928933345676	0.833266210229561	0.8333720574033499	0.8243352135374697	0.8392124692370796	0.6665299864855307	0.8392124692370796
242	0.9150216508655156	0.9144894273014009	0.8385018123238018	0.8382662173809202	0.8425460636515912	0.8252666119770303	0.6767795041530502	0.8252666119770303
243	0.9182936184463295	0.9165860300641931	0.8429319371727748	0.8427489070726161	0.8451290591174022	0.8326497128794094	0.6856780430677267	0.8326497128794094
244	0.9152241409746524	0.9127220224112834	0.8413209826822392	0.8412396418521095	0.8395061728395061	0.8367514356029533	0.6825191500630222	0.8367514356029533
245	0.9159880219312365	0.914966450615237	0.8344744260974627	0.8346171768725144	0.8242375601926164	0.8424938474159147	0.6689705976326428	0.8424938474159147
246	0.9147406309384118	0.9118695541211507	0.8340716874748288	0.8339149515581354	0.8348547717842324	0.8252666119770303	0.6679664602619537	0.8252666119770303
247	0.9195176451957922	0.9178585138040747	0.842529198550141	0.8424993639733751	0.8387888707037643	0.8408531583264971	0.6849687208669571	0.8408531583264971
248	0.9150083462269344	0.911488255071147	0.838099073701168	0.8382357140631977	0.8281124497991967	0.8457752255947498	0.6762146904017838	0.8457752255947498
249	0.9123396304295905	0.9098932828825377	0.8284333467579541	0.8283915795266923	0.8247338247338247	0.8260869565217391	0.6567639780616162	0.8260869565217391
250	0.9153880151815661	0.9135196950490881	0.8389045509464358	0.8390122506516028	0.8299758259468171	0.844954881050041	0.677806750227566	0.844954881050041
251	0.9153150019210601	0.9138567760423498	0.8328634716069271	0.8329618851309954	0.8241935483870968	0.8383921246923708	0.6657196235487386	0.8383921246923708
252	0.9138933526131607	0.912217968880132	0.8300443012484897	0.8299592553556038	0.8279835390946502	0.8252666119770303	0.6599570592045568	0.8252666119770303
253	0.9150544257068982	0.9124976252895716	0.8364881192106323	0.8364489984527679	0.8329238329238329	0.8342904019688269	0.6728783452887703	0.8342904019688269
254	0.9120608820261473	0.9081323988479542	0.8248086991542489	0.8245540025544906	0.8288590604026845	0.8105004101722724	0.6493640309088022	0.8105004101722724
255	0.9134033525093198	0.9101803547607051	0.8356826419653645	0.8357308724727677	0.8288726682887266	0.8383921246923708	0.6713245012915838	0.8383921246923708
256	0.9181154660906947	0.9172131920997288	0.8405155054369714	0.8403608866989958	0.84149377593361	0.8318293683347006	0.6808609666595478	0.8318293683347006
257	0.9150304124567761	0.9129236497763158	0.8385018123238018	0.8381347935120093	0.8477891156462585	0.8178835110746514	0.6766944929972007	0.8178835110746514
258	0.9137599817239697	0.9113855906542986	0.8328634716069271	0.832859666566287	0.8278955954323002	0.8326497128794094	0.6656512912129897	0.8326497128794094
259	0.9124129681934767	0.9103084657048902	0.8296415626258559	0.8295636857353506	0.8273026315789473	0.8252666119770303	0.6591562477588003	0.8252666119770303
260	0.9148116971786379	0.9123474414246413	0.8368908578332662	0.8366693362478064	0.8403010033444817	0.8244462674323215	0.6735648966742486	0.8244462674323215
261	0.9166668830022534	0.9132959435230124	0.8364881192106323	0.8363175745838569	0.8379052369077307	0.8269073010664479	0.672792342007821	0.8269073010664479
262	0.916960883064558	0.9129849656950898	0.8296415626258559	0.8294322618664396	0.832220367278798	0.8178835110746514	0.659066630267859	0.8178835110746514
263	0.9171341678694926	0.912257710319671	0.8356826419653645	0.8352927929097309	0.8456947996589941	0.8137817883511075	0.6710363356866983	0.8137817883511075
264	0.9168953333817924	0.9140131644288219	0.8360853805879984	0.8360534288325148	0.8322422258592471	0.8342904019688269	0.6720774153269862	0.8342904019688269
265	0.91459849845796	0.912444958769427	0.8324607329842932	0.8321720439040092	0.8382476832350463	0.8162428219852338	0.6646546708776595	0.8162428219852338
266	0.9164488167308751	0.9156459715694968	0.8389045509464358	0.8386033763927685	0.8455696202531645	0.8219852337981952	0.6775431462984018	0.8219852337981952
267	0.9184133601935596	0.9159429484400369	0.8417237213048732	0.8416352114723626	0.8401976935749588	0.8367514356029533	0.683320314388849	0.8367514356029533
268	0.9184474330484627	0.91697055507371	0.8397100281917036	0.8396865686752993	0.8356500408830744	0.8383921246923708	0.6793334570700613	0.8383921246923708
269	0.9157245251866545	0.9140582572368423	0.8308497784937575	0.8307211892919077	0.8304383788254756	0.8236259228876128	0.6615389808196984	0.8236259228876128
270	0.9131482928526183	0.912038843138765	0.8272251308900523	0.8269420229281108	0.8324915824915825	0.8113207547169812	0.6541801815899231	0.8113207547169812
271	0.9153834721342458	0.9133453173735875	0.8385018123238018	0.8384560518582362	0.8352459016393443	0.8359310910582445	0.6769022191488595	0.8359310910582445
272	0.9144635050518686	0.9126566516224602	0.8328634716069271	0.8330933089999066	0.8195548489666137	0.8457752255947498	0.6658074383786401	0.8457752255947498
273	0.9144008758995232	0.9119398529481727	0.833266210229561	0.833050799057123	0.8362573099415205	0.8211648892534865	0.6663156575804654	0.8211648892534865
274	0.91066227245823	0.9074203732309586	0.8276278695126863	0.8276734535466921	0.8207623682076237	0.8301886792452831	0.6552129572372498	0.8301886792452831
275	0.9117941402477648	0.9101040703493123	0.828836085380588	0.828757943842743	0.8264802631578947	0.8244462674323215	0.6575446933746811	0.8244462674323215
276	0.9142159089729079	0.9123840072998207	0.833266210229561	0.833050799057123	0.8362573099415205	0.8211648892534865	0.6663156575804654	0.8211648892534865
277	0.9148172137360984	0.9126332538550946	0.8336689488521949	0.8332857395042627	0.8432708688245315	0.8121410992616899	0.6670097840406259	0.8121410992616899
278	0.9141766440639247	0.9116318730569895	0.8336689488521949	0.8333149448084651	0.8421052631578947	0.8137817883511075	0.6670292458536905	0.8137817883511075
279	0.9128357960976522	0.9093225407934347	0.8320579943616593	0.8320685273257806	0.8265472312703583	0.8326497128794094	0.6640497826599745	0.8326497128794094
280	0.9162125782702154	0.9135656104785121	0.8344744260974627	0.8343543291346922	0.8338842975206612	0.8277276456111566	0.6687965541000387	0.8277276456111566
281	0.9164397306362342	0.9140364565352674	0.8372935964559001	0.8369626873033509	0.8450465707027942	0.8187038556193601	0.6742995439494897	0.8187038556193601
282	0.9175297374897458	0.9165207402471405	0.8352799033427306	0.8347950047247692	0.8491379310344828	0.8080393765381461	0.6701673965086455	0.8080393765381461
283	0.9166840816813948	0.9142704839365136	0.8409182440596054	0.8404498006251233	0.8545611015490534	0.8146021328958163	0.6814668209558286	0.8146021328958163
284	0.9143009288584749	0.91202268068276	0.8324607329842932	0.8322596598166168	0.8348623853211009	0.8211648892534865	0.6647134512187363	0.8211648892534865
285	0.9159202007248107	0.914013352749196	0.8340716874748288	0.8334914746472	0.8517872711421098	0.8014766201804758	0.6676849472062039	0.8014766201804758
286	0.91519298865017	0.9131559993106058	0.8324607329842932	0.8324348916418314	0.8282910874897792	0.8310090237899918	0.6648309501033807	0.8310090237899918
287	0.9145472269239155	0.911491617355582	0.838099073701168	0.8381773034547928	0.8302344381568311	0.8424938474159147	0.6761768753475329	0.8424938474159147
288	0.9162086842296551	0.915022641208861	0.8356826419653645	0.8353658061702371	0.8427726120033813	0.8178835110746514	0.6710843983724739	0.8178835110746514
289	0.9155655185304409	0.9131795049596357	0.8364881192106323	0.8367118461905899	0.8233890214797136	0.8490566037735849	0.6730502162912839	0.8490566037735849
290	0.9157147900852536	0.9134708467743007	0.8320579943616593	0.8322583618030965	0.8197767145135566	0.8433141919606235	0.6641772673712794	0.8433141919606235
291	0.915420790022949	0.9132226125421179	0.8324607329842932	0.8326247261191473	0.8214571657325861	0.8416735028712059	0.6649581476635285	0.8416735028712059
292	0.9179499693668809	0.9158335372417087	0.8417237213048732	0.8416936220807676	0.8379705400981997	0.8400328137817884	0.6833573076744608	0.8400328137817884
293	0.9187716119251098	0.9165005601987245	0.8429319371727748	0.8427343044205149	0.8457047539616347	0.8318293683347006	0.6856688605175653	0.8318293683347006
294	0.9176037242603919	0.9155093665541193	0.8465565847764801	0.8465718813927166	0.8412052117263844	0.8474159146841673	0.6930526791209839	0.8474159146841673
295	0.916613988951309	0.9139217466981933	0.8405155054369714	0.8404631052637044	0.837571780147662	0.837571780147662	0.6809262105274089	0.837571780147662
296	0.9183221747437721	0.916507524309998	0.8413209826822392	0.8410498073747936	0.8469301934398654	0.8260869565217391	0.6823985596123991	0.8260869565217391
297	0.9151647568561074	0.9130271646138783	0.8324607329842932	0.8325225075544387	0.8251012145748988	0.8359310910582445	0.6648896686686012	0.8359310910582445
298	0.9198298174473785	0.9189167902393744	0.8429319371727748	0.8428657282894259	0.8405916187345933	0.8392124692370796	0.6857514841595539	0.8392124692370796
299	0.9154762801009335	0.9139521945171523	0.8385018123238018	0.8380617802515031	0.8507718696397941	0.8137817883511075	0.6766472452518424	0.8137817883511075
300	0.9161762338916523	0.9123141394079798	0.8429319371727748	0.8431431786793491	0.8302788844621514	0.8547990155865464	0.6859257692851574	0.8547990155865464
301	0.9155385847498987	0.913050001180121	0.8352799033427306	0.8351454683751987	0.8352649006622517	0.8277276456111566	0.670398622326758	0.8277276456111566
302	0.9157404258522756	0.9129500686897168	0.8348771647200967	0.8345746669297307	0.8413502109704641	0.8178835110746514	0.6694817249558618	0.8178835110746514
303	0.9155356642194785	0.9143491602606525	0.8312525171163915	0.8312189774768695	0.8273322422258592	0.8293683347005743	0.6624089361720078	0.8293683347005743
304	0.9181456449050373	0.9165048686466711	0.833266210229561	0.8330946070134266	0.8345802161263508	0.8236259228876128	0.6663449004710293	0.8236259228876128
305	0.9164819160756378	0.9139084062359873	0.833266210229561	0.8331384149697303	0.8329197684036393	0.8260869565217391	0.6663741382365598	0.8260869565217391
306	0.9192921153466733	0.9172492021849099	0.8385018123238018	0.8384560518582362	0.8352459016393443	0.8359310910582445	0.6769022191488595	0.8359310910582445
307	0.9159179292011506	0.914908928829484	0.8328634716069271	0.8326406267847686	0.8361204013377926	0.8203445447087777	0.6655047706662054	0.8203445447087777
308	0.9184458105315624	0.9177287881686883	0.837696335078534	0.8373436542715029	0.8463497453310697	0.8178835110746514	0.6750914917167973	0.8178835110746514
309	0.9152299820354929	0.9113273038350821	0.833266210229561	0.8334596733159573	0.8212290502793296	0.8441345365053322	0.6665883920468663	0.8441345365053322
310	0.9171198897207713	0.9154282041237279	0.8324607329842932	0.8323472757292241	0.8315441783649876	0.8260869565217391	0.6647722109570333	0.8260869565217391
311	0.9146406838973635	0.9109585067596329	0.8284333467579541	0.8284061821787936	0.8242027800490597	0.8269073010664479	0.6567740017885582	0.8269073010664479
312	0.9157070020041329	0.9126766527511583	0.8320579943616593	0.8318202822400598	0.8358458961474037	0.8187038556193601	0.663882925765142	0.8187038556193601
313	0.9157744987071786	0.9114022622970173	0.837696335078534	0.8374458728362115	0.8422818791946308	0.8236259228876128	0.6751579412787294	0.8236259228876128
314	0.9151449621499256	0.9106828652767839	0.8360853805879984	0.836068031484616	0.8316993464052288	0.8351107465135357	0.6720869917066237	0.8351107465135357
315	0.9150583197474584	0.9117759914061994	0.8356826419653645	0.8357308724727677	0.8288726682887266	0.8383921246923708	0.6713245012915838	0.8383921246923708
316	0.9094492788236883	0.9071615733750008	0.833266210229561	0.8332552361865402	0.8285714285714286	0.8326497128794094	0.6664520805658325	0.8326497128794094
317	0.9127910146312084	0.9107194046722568	0.8336689488521949	0.833563189894186	0.8325082508250825	0.8277276456111566	0.6671945794606657	0.8277276456111566
318	0.915409756908028	0.9131866596506301	0.8385018123238018	0.8386604889876532	0.8277243589743589	0.8474159146841673	0.6770342695942213	0.8474159146841673
319	0.9163216114059045	0.9140411190777394	0.8348771647200967	0.8346330775381356	0.8390611902766136	0.8211648892534865	0.669520351168104	0.8211648892534865
320	0.9141428957124017	0.9099610725968523	0.8360853805879984	0.836199455353527	0.8268921095008052	0.8424938474159147	0.6721731539605154	0.8424938474159147
321	0.9155126244794967	0.9133404846898631	0.8300443012484897	0.8299300500514013	0.8290668868703551	0.8236259228876128	0.6599371947689137	0.8236259228876128
322	0.9161428100435094	0.9150869683266247	0.8308497784937575	0.8307503945961101	0.8293487221764221	0.8252666119770303	0.6615587522660433	0.8252666119770303
323	0.9175505057060676	0.9155275994150879	0.8352799033427306	0.8348972232894778	0.8449744463373083	0.8137817883511075	0.6702348708780048	0.8137817883511075
324	0.9148207832732785	0.9118875277820978	0.8368908578332662	0.8369029786814259	0.8314332247557004	0.837571780147662	0.6737174148136444	0.837571780147662
325	0.9133903723741187	0.9107997708833797	0.8336689488521949	0.8336069978504896	0.8308702791461412	0.8301886792452831	0.6672237389371126	0.8301886792452831
326	0.9119093389476746	0.9083705654193662	0.8328634716069271	0.832465394959554	0.8430034129692833	0.8105004101722724	0.6653874617350708	0.8105004101722724
327	0.9131304451667167	0.9081337094324338	0.8356826419653645	0.8357016671685653	0.8299430431244914	0.8367514356029533	0.6713053059587643	0.8367514356029533
328	0.9132677100964683	0.9089468967583135	0.8385018123238018	0.8383538332935276	0.8391376451077943	0.8301886792452831	0.676836153424469	0.8301886792452831
329	0.9168213466111463	0.9142123469470051	0.8409182440596054	0.8406834430587429	0.8450586264656617	0.8277276456111566	0.6816157210485156	0.8277276456111566
330	0.9163845650616297	0.9156208672228412	0.8364881192106323	0.8361423427586422	0.8447837150127226	0.8170631665299426	0.6726776005963961	0.8170631665299426
331	0.9145972004444398	0.9125182517351711	0.838099073701168	0.8379436610211732	0.8390041493775934	0.8293683347005743	0.67602552676045	0.8293683347005743
332	0.9157501609536765	0.9122551212199609	0.8389045509464358	0.8385741710885661	0.8467400508044031	0.8203445447087777	0.6775243009400888	0.8203445447087777
333	0.9189367841455437	0.9162203346347354	0.8348771647200967	0.834457845712921	0.8460222412318221	0.8113207547169812	0.6694044454374286	0.8113207547169812
334	0.9166957638030758	0.9130851683659628	0.8405155054369714	0.8402440654821861	0.8460891505466779	0.8252666119770303	0.6807863695596702	0.8252666119770303
335	0.9192379232822089	0.9154913352937443	0.8437374144180427	0.8434524304005151	0.8500421229991575	0.8277276456111566	0.6872259911070479	0.8277276456111566
336	0.9152786575424972	0.9126531778662417	0.8372935964559001	0.8371233164764644	0.8387364921030757	0.8277276456111566	0.674404202392019	0.8277276456111566
337	0.9198427975825797	0.9178569398952907	0.8453483689085783	0.845253748663046	0.8441879637262985	0.8400328137817884	0.690568002071811	0.8400328137817884
338	0.9184013535684988	0.9161231091254516	0.8441401530406766	0.8442276689754	0.8360258481421647	0.8490566037735849	0.688264378730551	0.8490566037735849
339	0.9163131743180236	0.9141698121060926	0.8401127668143374	0.8400967409476537	0.8357843137254902	0.8392124692370796	0.6801438223772226	0.8392124692370796
340	0.9188504662464565	0.9168997695995196	0.8397100281917036	0.8393507076769712	0.848768054375531	0.8195242001640689	0.6791179261119925	0.8195242001640689
341	0.9170958764706494	0.9141988527544882	0.8417237213048732	0.8414745822992492	0.8464765100671141	0.8277276456111566	0.6832185382693317	0.8277276456111566
342	0.916401439237391	0.912590522584998	0.8433346757954088	0.843129874040768	0.8464106844741235	0.8318293683347006	0.6864702580950288	0.8318293683347006
343	0.9148191607563784	0.9118779319116912	0.8413209826822392	0.8409913967663887	0.8492802709568162	0.822805578342904	0.6823614364259873	0.822805578342904
344	0.9144910878391709	0.9130538236042417	0.8344744260974627	0.8344127397430972	0.8316912972085386	0.8310090237899918	0.6688352462546084	0.8310090237899918
345	0.9136697697843221	0.9118277836265272	0.8336689488521949	0.8334901766336799	0.8352745424292846	0.8236259228876128	0.6671459689756163	0.8236259228876128
346	0.9165497372820636	0.9148719554882466	0.837696335078534	0.8372706410109968	0.8493150684931506	0.8137817883511075	0.675044011097194	0.8137817883511075
347	0.9167424922897999	0.9157019481049639	0.8348771647200967	0.8349105279280589	0.8285946385052803	0.8367514356029533	0.6697037024539838	0.8367514356029533
348	0.9173807904383133	0.917647646597935	0.8340716874748288	0.8337981303413255	0.8393608074011775	0.8187038556193601	0.6678888491378387	0.8187038556193601
349	0.9179133004849378	0.9163074216747294	0.8336689488521949	0.8334755739815786	0.8358333333333333	0.822805578342904	0.6671362451745129	0.822805578342904
350	0.9143044983956552	0.9121667597998918	0.833266210229561	0.8329485804924144	0.8402366863905325	0.815422477440525	0.6662474042308926	0.815422477440525
351	0.9154704390400931	0.9116832304467044	0.8364881192106323	0.8364928064090715	0.8312958435207825	0.8367514356029533	0.6729070030032525	0.8367514356029533
352	0.9164686114370567	0.9124429176202193	0.8360853805879984	0.8361702500493244	0.8279483037156704	0.8408531583264971	0.6721540107062901	0.8408531583264971
353	0.9164228564604728	0.913873584067262	0.8328634716069271	0.8328304612620845	0.8289689034369886	0.8310090237899918	0.6656317625570005	0.8310090237899918
354	0.9157738497004184	0.9147497920691587	0.838099073701168	0.8376808132833512	0.8494439692044482	0.8146021328958163	0.6758550904045033	0.8146021328958163
355	0.9141737235335045	0.9137630355589565	0.8328634716069271	0.8332101302167163	0.8155416012558869	0.85233798195242	0.6658854572814756	0.85233798195242
356	0.9148788693783034	0.913799208693997	0.8340716874748288	0.8340609780791477	0.8293877551020408	0.8334700574241182	0.6680634231717946	0.8334700574241182
357	0.9122267032533411	0.909619701299895	0.8256141763995167	0.825549578924414	0.8226600985221675	0.8219852337981952	0.6511086657621543	0.8219852337981952
358	0.9154607039386922	0.9143004258977874	0.8336689488521949	0.8333733554168701	0.8397976391231029	0.8170631665299426	0.6670681626558732	0.8170631665299426
359	0.9162865650408615	0.9143610743140944	0.8413209826822392	0.8413710657210205	0.8345498783454988	0.8441345365053322	0.6826025821296178	0.8441345365053322
360	0.9156706576255698	0.9155023104486015	0.8328634716069271	0.8326406267847686	0.8361204013377926	0.8203445447087777	0.6655047706662054	0.8203445447087777
361	0.9166185319986293	0.9151005754204938	0.838099073701168	0.8379582636732744	0.8384424192212097	0.8301886792452831	0.6760349901917891	0.8301886792452831
362	0.9149080746825059	0.9127364834279931	0.8300443012484897	0.8298570367908953	0.8318068276436303	0.8195242001640689	0.6598875235245658	0.8195242001640689
363	0.9148434985098804	0.9130260104531474	0.833266210229561	0.8333282494470462	0.8259109311740891	0.8367514356029533	0.6665007760307713	0.8367514356029533
364	0.9191292146498997	0.9177032510218737	0.8401127668143374	0.8401405489039574	0.8341463414634146	0.8416735028712059	0.6801718423673002	0.8416735028712059
365	0.9155979688684437	0.9137573849353544	0.8360853805879984	0.8359512102678062	0.8360927152317881	0.8285479901558654	0.6720103650048668	0.8285479901558654
366	0.915922147745091	0.9140197947903227	0.8417237213048732	0.8417958406454762	0.8341423948220065	0.8457752255947498	0.68342202513174	0.8457752255947498
367	0.9155749291284617	0.9129329273166871	0.8364881192106323	0.8363905878443629	0.8351195383347073	0.8310090237899918	0.6728401271905086	0.8310090237899918
368	0.9134747432529257	0.9111144526890093	0.833266210229561	0.8331238123176291	0.8334714167357083	0.8252666119770303	0.6663643928840814	0.8252666119770303
369	0.9159163066842504	0.9129854468666544	0.837696335078534	0.8375626940530212	0.8377483443708609	0.8301886792452831	0.6752338503610842	0.8301886792452831
370	0.9160409159821808	0.912778643583718	0.8397100281917036	0.8397741845879068	0.8323886639676114	0.8433141919606235	0.6793896349281328	0.8433141919606235
371	0.9157047304804726	0.9138336603431759	0.8328634716069271	0.8328158586099833	0.8295081967213115	0.8301886792452831	0.665621997373508	0.8301886792452831
372	0.9145507964610959	0.9121226529810191	0.8356826419653645	0.8354388194307432	0.8398994132439229	0.8219852337981952	0.6711324470160644	0.8219852337981952
373	0.9164439491801746	0.9158070857446946	0.837696335078534	0.8373436542715029	0.8463497453310697	0.8178835110746514	0.6750914917167973	0.8178835110746514
374	0.9142032533410868	0.9129451635391692	0.8352799033427306	0.834780402072668	0.8497409326424871	0.8072190319934373	0.6701577550588897	0.8072190319934373
375	0.9141837831382851	0.9156210757890626	0.8320579943616593	0.8315866398064402	0.8450946643717728	0.8055783429040196	0.6637257325027355	0.8055783429040196
376	0.9154876377192345	0.9158749845622213	0.8368908578332662	0.8365817203351991	0.84375	0.8195242001640689	0.6735076656048897	0.8195242001640689
377	0.9143197500545166	0.9132493602748599	0.8372935964559001	0.837356958910084	0.8299595141700404	0.8408531583264971	0.6745563128416223	0.8408531583264971
378	0.917736446142823	0.9180471835439572	0.8336689488521949	0.8330959050269467	0.8510452961672473	0.8014766201804758	0.6668832267803434	0.8014766201804758
379	0.9193184001204557	0.9199981325261389	0.8481675392670157	0.8480957492653243	0.8462171052631579	0.8441345365053322	0.6962219985935407	0.8441345365053322
380	0.9191460888256612	0.9200823535590343	0.8449456302859444	0.8445807286528696	0.8545918367346939	0.8244462674323215	0.689594463351427	0.8244462674323215
381	0.916723346590378	0.9148241478915456	0.842529198550141	0.8422803241918568	0.8473154362416108	0.8285479901558654	0.6848306576674521	0.8285479901558654
382	0.9178792276300349	0.9166712435906393	0.8433346757954088	0.8431152713886667	0.846989966555184	0.8310090237899918	0.6864610982871178	0.8310090237899918
383	0.9181157905940751	0.9189138110008543	0.8385018123238018	0.8383684359456287	0.8385761589403974	0.8310090237899918	0.676845593039193	0.8310090237899918
384	0.9163968961900707	0.916582301160137	0.8372935964559001	0.8370064952596546	0.8433024431339511	0.8211648892534865	0.6743280938331118	0.8211648892534865
385	0.9175170818579247	0.9181485285275532	0.838099073701168	0.8378268398043633	0.8435660218671153	0.822805578342904	0.6759497994014834	0.822805578342904
386	0.9152867701269977	0.9154041224801255	0.8389045509464358	0.8388224161742869	0.837037037037037	0.8342904019688269	0.6776844163076368	0.8342904019688269
387	0.9165610949003645	0.9162483260085034	0.8385018123238018	0.8382662173809202	0.8425460636515912	0.8252666119770303	0.6767795041530502	0.8252666119770303
388	0.9166840816813948	0.9169243730547677	0.8413209826822392	0.8412104365479071	0.8406275805119736	0.8351107465135357	0.6825006036468055	0.8351107465135357
389	0.9178792276300349	0.9170261346667485	0.8417237213048732	0.8418688539059822	0.8314606741573034	0.8498769483182936	0.683468235692527	0.8498769483182936
390	0.9168047969387649	0.916953977784403	0.8413209826822392	0.8414002710252231	0.8334680679062247	0.8457752255947498	0.6826211166341491	0.8457752255947498
391	0.9156161410577253	0.9144482236002555	0.8385018123238018	0.8383538332935276	0.8391376451077943	0.8301886792452831	0.676836153424469	0.8301886792452831
392	0.9175764659764696	0.9168917684618225	0.8356826419653645	0.8353219982139334	0.8445199660152931	0.815422477440525	0.6710555624464647	0.815422477440525
393	0.9157112205480732	0.9146459807432774	0.838099073701168	0.8379874689774769	0.8373245251857968	0.8318293683347006	0.6760539153959793	0.8318293683347006
394	0.9156586510005088	0.9142547440590737	0.8364881192106323	0.836332177235958	0.837344398340249	0.8277276456111566	0.6728019001610515	0.8277276456111566
395	0.9149434455509289	0.9120862321037837	0.8401127668143374	0.8401697542081599	0.833063209076175	0.8433141919606235	0.6801905196335083	0.8433141919606235
396	0.9148791938816836	0.9149648385984885	0.8360853805879984	0.8358489917030976	0.8400335008375209	0.822805578342904	0.6719432872575846	0.822805578342904
397	0.9154068363776079	0.9127173671425409	0.8389045509464358	0.8388516214784894	0.8359310910582445	0.8359310910582445	0.6777032429569787	0.8359310910582445
398	0.9143067699193155	0.9138386911834359	0.8393072895690696	0.8392033831424388	0.8382838283828383	0.8334700574241182	0.6784761191399651	0.8334700574241182
399	0.9164241544739931	0.9151788446596477	0.8397100281917036	0.8393799129811736	0.8475867908552075	0.8211648892534865	0.6791366794353884	0.8211648892534865
400	0.9150920680989812	0.913136899008448	0.837696335078534	0.8374312701841102	0.8428571428571429	0.822805578342904	0.6751484501483123	0.822805578342904
401	0.914730571333631	0.9146456982553874	0.8360853805879984	0.8358781970072999	0.83889816360601	0.8244462674323215	0.6719624551277037	0.8244462674323215
402	0.9161535186550503	0.9143441684255288	0.8389045509464358	0.8388662241305906	0.8353808353808354	0.8367514356029533	0.6777126554569166	0.8367514356029533
403	0.9150508561697179	0.9116060031712236	0.8385018123238018	0.8383684359456287	0.8385761589403974	0.8310090237899918	0.676845593039193	0.8310090237899918
404	0.9133783657490576	0.9105968741128802	0.833266210229561	0.8333866600554511	0.8238133547868061	0.8400328137817884	0.6665397221667155	0.8400328137817884
405	0.9134419684115429	0.9118562088521353	0.8356826419653645	0.8356140512559579	0.8331963845521775	0.8318293683347006	0.6712477065053795	0.8318293683347006
406	0.9117973852815652	0.9084493234448558	0.8312525171163915	0.8311605668684645	0.8294892915980231	0.8260869565217391	0.6623694954934548	0.8260869565217391
407	0.9149414985306489	0.9123753722078722	0.833266210229561	0.8334596733159573	0.8212290502793296	0.8441345365053322	0.6665883920468663	0.8441345365053322
408	0.9147133726544897	0.9117125910599906	0.8372935964559001	0.8369772899554522	0.8444632290786137	0.8195242001640689	0.6743090611335281	0.8195242001640689
409	0.9133397498468344	0.9112940697603704	0.8324607329842932	0.83253711020654	0.824575586095392	0.8367514356029533	0.6648994530959544	0.8367514356029533
410	0.9139219089106032	0.9125590685295862	0.8316552557390253	0.8317313683139324	0.8237671786580436	0.8359310910582445	0.6632883927743003	0.8359310910582445
411	0.9149768693990716	0.9131927835053962	0.8316552557390253	0.8316145470971226	0.828009828009828	0.8293683347005743	0.6632097249524779	0.8293683347005743
412	0.9135325048545706	0.9128292925383115	0.8348771647200967	0.8351003624053748	0.8217979315831344	0.8474159146841673	0.6698290361562227	0.8474159146841673
413	0.913417955161421	0.9116250702439382	0.8344744260974627	0.8345149583078058	0.827922077922078	0.8367514356029533	0.6689029357764233	0.8367514356029533
414	0.9145868163362789	0.9134999842545624	0.833266210229561	0.8331968255781352	0.8307313064913723	0.8293683347005743	0.666413113953988	0.8293683347005743
415	0.9149700548280912	0.9128300452807053	0.8308497784937575	0.8308380105087174	0.8261224489795919	0.8301886792452831	0.6616180527479459	0.8301886792452831
416	0.9136785313755829	0.9128078718704714	0.8320579943616593	0.8322437591509954	0.8202875399361023	0.8424938474159147	0.6641674642901971	0.8424938474159147
417	0.910126841881185	0.9095986002840434	0.8280306081353201	0.8278499833854269	0.829450915141431	0.8178835110746514	0.6558627814832643	0.8178835110746514
418	0.9128218424523109	0.9112289276591719	0.8296415626258559	0.8295782883874518	0.8267651888341544	0.8260869565217391	0.6591662023496335	0.8260869565217391
419	0.9149950415883533	0.9135137109702971	0.8324607329842932	0.83253711020654	0.824575586095392	0.8367514356029533	0.6648994530959544	0.8367514356029533
420	0.9146844918536671	0.9124297905926294	0.8340716874748288	0.8340609780791477	0.8293877551020408	0.8334700574241182	0.6680634231717946	0.8334700574241182
421	0.9164572538187559	0.9135641547474689	0.8360853805879984	0.836462303091349	0.8176838810641628	0.8572600492206727	0.6723453426999497	0.8572600492206727
422	0.9158523795183852	0.9132278635746195	0.8348771647200967	0.835377812795298	0.8123552123552124	0.8630024610336341	0.6700120451778446	0.8630024610336341
423	0.9148003395603369	0.914340569812642	0.8248086991542489	0.8246124131628956	0.8266666666666667	0.8137817883511075	0.6494050039973682	0.8137817883511075
424	0.9164919756804186	0.9147925638355124	0.8280306081353201	0.8283610762089697	0.8113207547169812	0.8465955701394585	0.6562142815684868	0.8465955701394585
425	0.9165737505321856	0.9155973611521315	0.8320579943616593	0.8322145538467929	0.8213141025641025	0.8408531583264971	0.6641478564109484	0.8408531583264971
426	0.9161768828984123	0.9152967166453285	0.8300443012484897	0.8299592553556038	0.8279835390946502	0.8252666119770303	0.6599570592045568	0.8252666119770303
427	0.9160029490867176	0.914996051377631	0.8356826419653645	0.8356286539080591	0.8326497128794094	0.8326497128794094	0.6712573078161181	0.8326497128794094
428	0.9124976635756639	0.9119764820990817	0.8324607329842932	0.8322596598166168	0.8348623853211009	0.8211648892534865	0.6647134512187363	0.8211648892534865
429	0.9142613394461117	0.9132887822543976	0.8340716874748288	0.8340025674707428	0.8315529991783073	0.8301886792452831	0.6680246448044518	0.8301886792452831
430	0.9153938562424065	0.9146615829783471	0.8352799033427306	0.8352476869399073	0.8314238952536824	0.8334700574241182	0.6704660021344897	0.8334700574241182
431	0.9171305983323123	0.916920490199512	0.8405155054369714	0.8407989662620325	0.825296442687747	0.8564397046759639	0.6811403955375714	0.8564397046759639
432	0.917162075160175	0.914219319958964	0.8385018123238018	0.838441449206135	0.8357963875205254	0.8351107465135357	0.6768927828420875	0.8351107465135357
433	0.9136064916252167	0.9116569587065971	0.837696335078534	0.837606502009325	0.8360790774299836	0.8326497128794094	0.6752623071213897	0.8326497128794094
434	0.9113820209551302	0.9093786495036353	0.8356826419653645	0.8357600777769701	0.8278092158447857	0.8400328137817884	0.6713436943825707	0.8400328137817884
435	0.9133767432321576	0.9118535205204482	0.8280306081353201	0.8280106125585405	0.8235294117647058	0.8269073010664479	0.6559733303654258	0.8269073010664479
436	0.9161983001214941	0.9156386226902405	0.8336689488521949	0.8336069978504896	0.8308702791461412	0.8301886792452831	0.6672237389371126	0.8301886792452831
437	0.9188955722162802	0.9176299821180364	0.8389045509464358	0.8388078135221857	0.8375927452596867	0.8334700574241182	0.6776750021581366	0.8334700574241182
438	0.9171195652173914	0.9161853495667762	0.8385018123238018	0.8383538332935276	0.8391376451077943	0.8301886792452831	0.676836153424469	0.8301886792452831
439	0.9173259493670887	0.9176043015693797	0.8348771647200967	0.8348083093633503	0.8323746918652424	0.8310090237899918	0.6696361756549156	0.8310090237899918
440	0.9176936116966594	0.9162112684594552	0.8453483689085783	0.8450347088815278	0.852916314454776	0.8277276456111566	0.6904323749387989	0.8277276456111566
441	0.9156732536526101	0.9148772234349652	0.8364881192106323	0.8368870780158046	0.8173302107728337	0.8589007383100903	0.6731646966595362	0.8589007383100903
442	0.9147020150361886	0.9143540722339991	0.8364881192106323	0.8365658196695777	0.8286176232821342	0.8408531583264971	0.6729547547042247	0.8408531583264971
443	0.9128198954320309	0.9127423650033888	0.8360853805879984	0.8358927996594012	0.8383333333333334	0.8252666119770303	0.6719720382228249	0.8252666119770303
444	0.9135373724052709	0.9122896376634567	0.8324607329842932	0.8322596598166168	0.8348623853211009	0.8211648892534865	0.6647134512187363	0.8211648892534865
445	0.9144969289000113	0.9142661116245278	0.837696335078534	0.837606502009325	0.8360790774299836	0.8326497128794094	0.6752623071213897	0.8326497128794094
446	0.9120378422861651	0.9117429143957484	0.8304470398711237	0.8305446594531729	0.8217741935483871	0.8359310910582445	0.6608866542506481	0.8359310910582445
447	0.9135467830032918	0.9127082980045146	0.8344744260974627	0.8341790973094776	0.8406408094435076	0.8178835110746514	0.6686804233694041	0.8178835110746514
448	0.9125450410691477	0.9107875842398147	0.833266210229561	0.8331384149697303	0.8329197684036393	0.8260869565217391	0.6663741382365598	0.8260869565217391
449	0.9146896839077476	0.9122451908927506	0.8360853805879984	0.8360534288325148	0.8322422258592471	0.8342904019688269	0.6720774153269862	0.8342904019688269
450	0.9139420281201649	0.9115775757391494	0.8344744260974627	0.8341352893531739	0.8423728813559322	0.815422477440525	0.6686513779608732	0.815422477440525
451	0.9112402129780584	0.9099672652476013	0.8336689488521949	0.8337384217194006	0.8260517799352751	0.837571780147662	0.6673111867160525	0.837571780147662
452	0.9157926708964601	0.9139291215300391	0.8401127668143374	0.8399945223829451	0.8396694214876033	0.8334700574241182	0.6800784233034438	0.8334700574241182
453	0.9143541474127994	0.912939158994901	0.8348771647200967	0.8346768854944393	0.8373644703919934	0.8236259228876128	0.6695493149030814	0.8236259228876128
454	0.914752962066853	0.9147786416172298	0.8372935964559001	0.8374153695184889	0.827835880933226	0.8441345365053322	0.6745943182496451	0.8441345365053322
455	0.9150304124567762	0.9136577500222101	0.8393072895690696	0.8392617937508438	0.8360655737704918	0.8367514356029533	0.6785136794024811	0.8367514356029533
456	0.9158789887955475	0.9142058379973571	0.838099073701168	0.8379728663253756	0.8378825475599669	0.8310090237899918	0.6760444530702827	0.8310090237899918
457	0.9119197230558354	0.9111881941699315	0.8312525171163915	0.8311167589121609	0.8311258278145696	0.8236259228876128	0.6623399089362141	0.8236259228876128
458	0.9125119417243849	0.91156702219296	0.8385018123238018	0.8385290651187423	0.832520325203252	0.8400328137817884	0.676949392416341	0.8400328137817884
459	0.9133962134349592	0.9124215536707809	0.837696335078534	0.837606502009325	0.8360790774299836	0.8326497128794094	0.6752623071213897	0.8326497128794094
460	0.912966246456423	0.9118092239162371	0.8324607329842932	0.8325225075544387	0.8251012145748988	0.8359310910582445	0.6648896686686012	0.8359310910582445
461	0.9121504449590346	0.9108987684614077	0.8296415626258559	0.829651301647958	0.8241042345276873	0.8301886792452831	0.6592159665831396	0.8301886792452831
462	0.9144881673087508	0.9126079378227863	0.8368908578332662	0.8369613892898309	0.8292880258899676	0.8408531583264971	0.6737555220823275	0.8408531583264971
463	0.9133718756814571	0.9113539332557277	0.8401127668143374	0.8401405489039574	0.8341463414634146	0.8416735028712059	0.6801718423673002	0.8416735028712059
464	0.9162778034496007	0.9137613050957485	0.8372935964559001	0.8372401376932742	0.8342904019688269	0.8342904019688269	0.6744802753865484	0.8342904019688269
465	0.9137859419943718	0.9110333914448375	0.837696335078534	0.83754809140092	0.8383084577114428	0.8293683347005743	0.6752243636659876	0.8293683347005743
466	0.9144651275687687	0.9125985333816999	0.8360853805879984	0.8362140580056282	0.8263665594855305	0.8433141919606235	0.6721827247493072	0.8433141919606235
467	0.9124973390722838	0.9095090538029407	0.8292388240032219	0.8296500036344379	0.8098207326578332	0.85233798195242	0.6586844207446754	0.85233798195242
468	0.9139329420255241	0.9108745066675017	0.8308497784937575	0.8307211892919077	0.8304383788254756	0.8236259228876128	0.6615389808196984	0.8236259228876128
469	0.9169407638549962	0.9155762418132162	0.837696335078534	0.837737925878236	0.8311688311688312	0.8400328137817884	0.6753476474888043	0.8400328137817884
470	0.9162833200070611	0.9140629304594855	0.838099073701168	0.8380020716295782	0.8367683429513603	0.8326497128794094	0.6760633771689273	0.8326497128794094
471	0.9158189556702423	0.9139834262282253	0.8368908578332662	0.8367861574646162	0.8358085808580858	0.8310090237899918	0.6736411735631225	0.8310090237899918
472	0.9150528031899979	0.9128330519247682	0.8344744260974627	0.8346463821767167	0.8232	0.8441345365053322	0.6689899245125002	0.8441345365053322
473	0.915838425873044	0.9139080450984564	0.8360853805879984	0.8360388261804135	0.8327868852459016	0.8334700574241182	0.6720678383879946	0.8334700574241182
474	0.9189040093041608	0.9176582663831352	0.8445428916633105	0.8444918147267422	0.8416735028712059	0.8416735028712059	0.6889836294534843	0.8416735028712059
475	0.9177828501261669	0.9159903168811364	0.8389045509464358	0.8385741710885661	0.8467400508044031	0.8203445447087777	0.6775243009400888	0.8203445447087777
476	0.9171656446973552	0.9165661694323913	0.8364881192106323	0.8364051904964642	0.8345679012345679	0.8318293683347006	0.6728496825522514	0.8318293683347006
477	0.9148399289727002	0.9150211715920864	0.8340716874748288	0.8339879648186416	0.8320987654320988	0.8293683347005743	0.6680149487968658	0.8293683347005743
478	0.9154967238138751	0.9156938165165162	0.8352799033427306	0.8352768922441096	0.8303425774877651	0.8351107465135357	0.6704852484484646	0.8351107465135357
479	0.9180661415769308	0.9172055922001122	0.8368908578332662	0.8365817203351991	0.84375	0.8195242001640689	0.6735076656048897	0.8195242001640689
480	0.9148279223476392	0.9123931801323841	0.8352799033427306	0.835437521417223	0.8245192307692307	0.8441345365053322	0.6705910630025849	0.8441345365053322
481	0.9179438038026604	0.9161104660522669	0.8453483689085783	0.8452975566193497	0.8424938474159147	0.8424938474159147	0.6905951132386995	0.8424938474159147
482	0.9189562543483452	0.9162524681389048	0.8445428916633105	0.8446524438998557	0.8356164383561644	0.8506972928630024	0.6890835139696012	0.8506972928630024
483	0.9184766383526652	0.917117085285625	0.8413209826822392	0.8414002710252231	0.8334680679062247	0.8457752255947498	0.6826211166341491	0.8457752255947498
484	0.9166977108233559	0.9150922375776245	0.8393072895690696	0.8393202043592487	0.8338762214983714	0.8400328137817884	0.6785512308904793	0.8400328137817884
485	0.9146049885255606	0.9119742011278206	0.8393072895690696	0.8392033831424388	0.8382838283828383	0.8334700574241182	0.6784761191399651	0.8334700574241182
486	0.9120264846678642	0.9103951089303046	0.8324607329842932	0.8322888651208191	0.8337489609310058	0.822805578342904	0.6647330400868314	0.822805578342904
487	0.9131781471635808	0.9105587873952025	0.8385018123238018	0.8383538332935276	0.8391376451077943	0.8301886792452831	0.676836153424469	0.8301886792452831
488	0.9138278029303952	0.9104288230944348	0.8417237213048732	0.8416936220807676	0.8379705400981997	0.8400328137817884	0.6833573076744608	0.8400328137817884
489	0.9136522466018007	0.9095846296792233	0.8413209826822392	0.8413126551126157	0.8367346938775511	0.8408531583264971	0.682565506625454	0.8408531583264971
490	0.9128312530503319	0.909543886343983	0.8356826419653645	0.8356286539080591	0.8326497128794094	0.8326497128794094	0.6712573078161181	0.8326497128794094
491	0.9113382129988266	0.9081543123588786	0.837696335078534	0.8374166675320089	0.8434343434343434	0.8219852337981952	0.6751389584632611	0.8219852337981952
492	0.9130820941630927	0.9094038961775882	0.8344744260974627	0.8343397264825911	0.8344370860927153	0.8269073010664479	0.6687868796486491	0.8269073010664479
493	0.9152186244171919	0.9124579904187815	0.8364881192106323	0.8360693294981361	0.8477331052181352	0.8129614438063987	0.672629767920966	0.8129614438063987
494	0.913465008151525	0.911019559011749	0.837696335078534	0.8372560383588956	0.8499142367066895	0.8129614438063987	0.6750345133079614	0.8129614438063987
495	0.9119275111369559	0.9104162270968477	0.8308497784937575	0.8303999309456807	0.8429184549356223	0.8055783429040196	0.6613213423477902	0.8055783429040196
496	0.9134487829825235	0.9123628708548619	0.833266210229561	0.8331968255781352	0.8307313064913723	0.8293683347005743	0.666413113953988	0.8293683347005743
497	0.9149019091182853	0.9131004539901566	0.8368908578332662	0.8368737733772236	0.8325163398692811	0.8359310910582445	0.6736983578407434	0.8359310910582445
498	0.9137726373557907	0.9119486932614004	0.8372935964559001	0.837298548301679	0.8321108394458028	0.837571780147662	0.6745182985549605	0.837571780147662
499	0.9109793122605165	0.9079487225392652	0.8364881192106323	0.8365074090611728	0.8307567127746135	0.837571780147662	0.6729165544589664	0.837571780147662
