Epoch	AUC_dev	PR_AUC	ACC	BACC	PREC	TPR	KAPPA	RECALL
0	0.7282861006363651	0.7207570693902067	0.6645187273459525	0.6602288654410455	0.7039911308203991	0.5287260616153205	0.3229980901070162	0.5287260616153205
1	0.8006468218762057	0.7971118110437679	0.6790173177607732	0.6707972815165729	0.8355481727574751	0.41881765195670273	0.3470629477917875	0.41881765195670273
2	0.812363202271638	0.8084628628267618	0.6923076923076923	0.6846147451226942	0.8408736349453978	0.4487926727726894	0.3747496707321414	0.4487926727726894
3	0.8250820623998982	0.8215918533806913	0.6971405557792992	0.6895579736594959	0.8459167950693375	0.4571190674437968	0.38470177140574935	0.4571190674437968
4	0.8324712505569332	0.8278358045557586	0.7088199758356827	0.7017890707301897	0.8463768115942029	0.48626144879267275	0.4090767100300102	0.48626144879267275
5	0.8352481226642904	0.8301340446699954	0.7221103503826017	0.7162378335266633	0.8288288288288288	0.5362198168193172	0.43735344923842867	0.5362198168193172
6	0.8434166925378097	0.8390016566486957	0.7265404752315747	0.7210540877921545	0.8238213399503722	0.5528726061615321	0.44674996693869373	0.5528726061615321
7	0.8495747823251815	0.8435107077821733	0.7410390656463954	0.7359626858013537	0.833732057416268	0.5803497085761865	0.4765002546069429	0.5803497085761865
8	0.8518528501339887	0.8454596561273464	0.7454691904953685	0.7408841565985703	0.8258877434135166	0.6003330557868443	0.4859610665108314	0.6003330557868443
9	0.8551236554041677	0.851422260429957	0.7559403946838502	0.7514454283416965	0.838452787258248	0.6136552872606161	0.5071866928767144	0.6136552872606161
10	0.8602909561844587	0.8562645907255646	0.7756745871929118	0.7733444308629964	0.809021113243762	0.7019150707743547	0.5489849126931976	0.7019150707743547
11	0.866329540775303	0.8624382911916386	0.7660088602496979	0.7624321126050704	0.8270042194092827	0.652789342214821	0.5283805691707824	0.652789342214821
12	0.8664438500937206	0.862296047740473	0.7732581554571083	0.7713725951202911	0.7964684014869888	0.7135720233139051	0.5445356324483039	0.7135720233139051
13	0.87315595038456	0.8713081506113454	0.7821184051550544	0.7799529383340196	0.8130929791271347	0.7135720233139051	0.5620792728308823	0.7135720233139051
14	0.8800505558940093	0.8783356325866062	0.7845348368908578	0.7818984699437936	0.8271119842829077	0.701082431307244	0.566523991684236	0.701082431307244
15	0.8823818814534431	0.879407290124347	0.7845348368908578	0.7815039079498234	0.8370445344129555	0.6885928393005828	0.566179998047099	0.6885928393005828
16	0.8831427528541607	0.8796236194148823	0.7921868707209021	0.7900978903435905	0.8234183191690274	0.7260616153205662	0.5823710453729666	0.7260616153205662
17	0.8876566719621325	0.8835823172839842	0.801449859041482	0.8001730227410595	0.8160714285714286	0.7610324729392173	0.6016278947918237	0.7610324729392173
18	0.891116802040941	0.8878207660734923	0.8038662907772856	0.8017239923568633	0.8387096774193549	0.736053288925895	0.6057903990178184	0.736053288925895
19	0.8949945508228323	0.8904196173306206	0.8086991542488925	0.8066146126278024	0.8431001890359168	0.742714404662781	0.6155445906992709	0.742714404662781
20	0.8954693241851241	0.8913921479137568	0.8026580749093838	0.8005802496879226	0.8356940509915014	0.7368859283930058	0.6034143647921582	0.7368859283930058
21	0.8926063953465715	0.889278471592021	0.8010471204188482	0.7981784550316233	0.8538538538538538	0.7102414654454621	0.5995425402921709	0.7102414654454621
22	0.8961269275084075	0.892295544015978	0.8131292790978655	0.812298903280028	0.8196010407632264	0.7868442964196503	0.6253874197034865	0.7868442964196503
23	0.8961743398961604	0.8928926374977366	0.8046717680225534	0.803240539280189	0.8231046931407943	0.7593671940049959	0.6079683420083982	0.7593671940049959
24	0.9008347178183547	0.8956556488288163	0.8103101087394281	0.808911190752376	0.8288288288288288	0.7660283097418817	0.619304796592961	0.7660283097418817
25	0.9050456522840431	0.9020026675448826	0.8103101087394281	0.8080957626315044	0.8482824427480916	0.7402164862614488	0.6186814286799581	0.7402164862614488
26	0.9043101107891109	0.9023410974872313	0.8171566653242046	0.8154888476971218	0.8429752066115702	0.7643630308076603	0.6328420879838139	0.7643630308076603
27	0.9056337607376068	0.902840156806404	0.8191703584373742	0.817360013301448	0.8487940630797773	0.761865112406328	0.6367802708085388	0.761865112406328
28	0.9051791214029912	0.9034486360612043	0.8103101087394281	0.8084377163596119	0.839851024208566	0.7510407993338885	0.6189430894044039	0.7510407993338885
29	0.9072509777993117	0.9063664242072901	0.8159484494563028	0.8141346719647304	0.8450834879406308	0.7585345545378851	0.630308649798446	0.7585345545378851
30	0.908941261896937	0.9105620878849889	0.8215867901731776	0.8200683647662309	0.8445454545454546	0.7735220649458784	0.6418419221518222	0.7735220649458784
31	0.9117447628796076	0.9116677709437144	0.8236004832863472	0.8220447469022825	0.8477666362807658	0.7743547044129891	0.6458563176095918	0.7743547044129891
32	0.91237606206996	0.9118954385440173	0.8211840515505437	0.82052008141941	0.8248927038626609	0.8001665278934221	0.6416477704157522	0.8001665278934221
33	0.9139984750097747	0.9128088795536049	0.8272251308900523	0.8261598823653196	0.8403880070546738	0.7935054121565362	0.6534714276837814	0.7935054121565362
34	0.9149295114185916	0.9132280567086957	0.8296415626258559	0.8284999759690638	0.8448581560283688	0.7935054121565362	0.6582639514994708	0.7935054121565362
35	0.9118291958988933	0.910362215220141	0.8215867901731776	0.8197264110381235	0.8528864059590316	0.7626977518734388	0.6415961541531867	0.7626977518734388
36	0.9135526037194694	0.9110029570105737	0.8300443012484897	0.8285480378415803	0.8537693006357856	0.7826810990840966	0.6588290684226429	0.7826810990840966
37	0.9137419285280985	0.9114190758647034	0.8284333467579541	0.8271458002366723	0.846911369740376	0.787676935886761	0.655740490014841	0.787676935886761
38	0.9129070158643149	0.9108780447629895	0.8292388240032219	0.8278732231720576	0.8496849684968497	0.7860116569525396	0.6573025259157169	0.7860116569525396
39	0.9117174845195307	0.9092290361377849	0.8308497784937575	0.8295911103721418	0.8489722966934763	0.791007493755204	0.6606071099175259	0.791007493755204
40	0.915400063129919	0.91435895201982	0.8312525171163915	0.8301652549032852	0.8454063604240283	0.7968359700249792	0.661531179087604	0.7968359700249792
41	0.9158832797941394	0.914634984326244	0.8300443012484897	0.8290741205002072	0.8413672217353199	0.7993338884263114	0.6591886040805282	0.7993338884263114
42	0.9198649461382286	0.9181443129138195	0.8316552557390253	0.8304500539721839	0.8486197684772929	0.7935054121565362	0.662258879300863	0.7935054121565362
43	0.9192606005655712	0.9176587738372695	0.8356826419653645	0.8350078133017078	0.8409286328460877	0.8143213988343048	0.6706860155395176	0.8143213988343048
44	0.9206660855942981	0.9191337109478306	0.8308497784937575	0.8296174145050731	0.848349687778769	0.7918401332223147	0.6606250024407039	0.7918401332223147
45	0.919641848121885	0.9182788556303876	0.8328634716069271	0.8324092247619963	0.8330508474576271	0.8184845961698585	0.665185889423241	0.8184845961698585
46	0.9185692240345733	0.9154700150000903	0.8348771647200967	0.8338332201064895	0.8484581497797357	0.8018318068276437	0.6688275735535706	0.8018318068276437
47	0.9179129196808173	0.9154131186366735	0.8304470398711237	0.8292800071703118	0.8463587921847247	0.7935054121565362	0.6598617962710308	0.7935054121565362
48	0.9209015238211526	0.9182927823050528	0.8320579943616593	0.8309715902374646	0.8462897526501767	0.79766860949209	0.6631467820513863	0.79766860949209
49	0.9203208844423719	0.919366522546943	0.8316552557390253	0.8308183118332226	0.840139009556907	0.8051623646960866	0.6625079585369169	0.8051623646960866
50	0.9216292714989198	0.9196174830030017	0.8340716874748288	0.8332110137028296	0.8433420365535248	0.8068276436303081	0.6673348179211954	0.8068276436303081
51	0.9214318281307439	0.9184676941690478	0.8360853805879984	0.8350032669083616	0.8507067137809188	0.8018318068276437	0.6712247968702979	0.8018318068276437
52	0.9227463852925475	0.9211420185890579	0.8356826419653645	0.8346921637065317	0.8481123792800702	0.8043297252289758	0.6704777802859929	0.8043297252289758
53	0.9225210140795309	0.9206129938752449	0.8308497784937575	0.8294332855745538	0.8527551942186089	0.7860116569525396	0.6604997151460894	0.7860116569525396
54	0.9200529719773304	0.9180900833608436	0.8320579943616593	0.8306822447752198	0.8531531531531531	0.7885095753538718	0.6629513804230673	0.7885095753538718
55	0.9195359821053958	0.9177476927470962	0.8360853805879984	0.8350032669083616	0.8507067137809188	0.8018318068276437	0.6712247968702979	0.8018318068276437
56	0.9191985747706344	0.9170455919375015	0.833266210229561	0.8324046783686502	0.8424717145343777	0.8059950041631974	0.6657199383965411	0.8059950041631974
57	0.9236485196293781	0.9213520954732214	0.833266210229561	0.8324572866345128	0.8412836079791848	0.8076602830974188	0.6657551546492315	0.8076602830974188
58	0.9211187764746227	0.9178341924368788	0.8340716874748288	0.8330005806393788	0.8481906443071492	0.8001665278934221	0.6671945595369464	0.8001665278934221
59	0.9229587668102893	0.9208105335444879	0.8356826419653645	0.8352182463651585	0.8363019508057676	0.8209825145711906	0.6708246928920172	0.8209825145711906
60	0.9228353647051795	0.9217115800614638	0.8393072895690696	0.8382549123780105	0.8536155202821869	0.8059950041631974	0.6777041949786219	0.8059950041631974
61	0.923910261989164	0.9221133363504407	0.8368908578332662	0.8357832981096096	0.852212389380531	0.8018318068276437	0.672823156331002	0.8018318068276437
62	0.9226311017469842	0.9214099152765597	0.8368908578332662	0.8361252518377171	0.8442906574394463	0.8126561199000832	0.673047180187787	0.8126561199000832
63	0.9229931895027674	0.9215645827418598	0.8320579943616593	0.8319185390229931	0.8255813953488372	0.8276436303080766	0.6637846972032471	0.8276436303080766
64	0.9248227880822145	0.9251318244987535	0.8389045509464358	0.8386540207653268	0.8351464435146444	0.8309741881765196	0.6774149544087165	0.8309741881765196
65	0.9254381748958551	0.9245497605669042	0.8368908578332662	0.836493509698756	0.8361486486486487	0.8243130724396336	0.673288093809363	0.8243130724396336
66	0.9227726894254789	0.9210773109025733	0.8324607329842932	0.8312826934392945	0.8488888888888889	0.7951706910907577	0.6638925839058079	0.7951706910907577
67	0.923053591585795	0.9223486373021081	0.8356826419653645	0.8355338959603347	0.829592684954281	0.8309741881765196	0.6710324900650295	0.8309741881765196
68	0.923937540349241	0.9237889101369996	0.8352799033427306	0.8345388853022897	0.8419689119170984	0.8118234804329725	0.6698354065062986	0.8118234804329725
69	0.9217377354544639	0.9213687037036902	0.8348771647200967	0.8337543077076954	0.8503100088573959	0.7993338884263114	0.6687752071558064	0.7993338884263114
70	0.923547200006235	0.9226410036086904	0.8401127668143374	0.8395347221049541	0.8435897435897436	0.8218151540383014	0.6796236284281374	0.8218151540383014
71	0.9238764887814497	0.9222645996176216	0.8393072895690696	0.8393333818281957	0.8297697368421053	0.8401332223147377	0.6783990931574877	0.8401332223147377
72	0.9237176897567161	0.9224286580222203	0.8389045509464358	0.8384172835689447	0.8402718776550552	0.8234804329725229	0.67726212216727	0.8234804329725229
73	0.9227499574587479	0.921403231914718	0.8453483689085783	0.845025791039968	0.8435660218671153	0.8351373855120733	0.6902694653572385	0.8351373855120733
74	0.9242859889249858	0.9230195596560447	0.842529198550141	0.8415591661135221	0.8552631578947368	0.8118234804329725	0.684216192762024	0.8118234804329725
75	0.924270726033038	0.9222604720219998	0.8413209826822392	0.8408625937044143	0.8422391857506362	0.8268109908409659	0.6821199240182715	0.8268109908409659
76	0.9246870457665933	0.9240097921893895	0.8409182440596054	0.8403410574391336	0.8444444444444444	0.8226477935054122	0.6812376151866859	0.8226477935054122
77	0.9260909070834107	0.9241886784950428	0.842126459927507	0.8415900166397996	0.8448422847399829	0.8251457119067444	0.6836835769829736	0.8251457119067444
78	0.925371602707572	0.9232782697005851	0.8413209826822392	0.8418095424899428	0.8225419664268585	0.8567860116569526	0.6827211655651819	0.8567860116569526
79	0.9264874175316721	0.9241125531392909	0.8401127668143374	0.8396136345037482	0.8418367346938775	0.8243130724396336	0.6796742250366307	0.8243130724396336
80	0.9259015822747816	0.9242307074235782	0.8405155054369714	0.8392145261164319	0.8609865470852018	0.7993338884263114	0.6799672438271344	0.7993338884263114
81	0.9269462785172522	0.9253916249138795	0.8429319371727748	0.8425541767715672	0.8421940928270042	0.8309741881765196	0.685396813845568	0.8309741881765196
82	0.9274853508711539	0.925713419481489	0.8437374144180427	0.842939645978845	0.852558542931483	0.8184845961698585	0.6867463768210189	0.8184845961698585
83	0.9271784693202881	0.9268401495655605	0.8441401530406766	0.843566398775851	0.8478632478632478	0.8259783513738551	0.6876935622208795	0.8259783513738551
84	0.9255537831838002	0.9241200896652799	0.8417237213048732	0.841226305172107	0.8435374149659864	0.8259783513738551	0.6829016887642213	0.8259783513738551
85	0.9244340714511178	0.9231841455702205	0.838099073701168	0.8372952986395892	0.8464874241110147	0.8126561199000832	0.6754434110362103	0.8126561199000832
86	0.9250033448465332	0.924043012692483	0.8393072895690696	0.8385442578402553	0.846885813148789	0.8151540383014155	0.6778909256664865	0.8151540383014155
87	0.9253180202145637	0.9231479653130616	0.8417237213048732	0.841463042368489	0.838358458961474	0.8334721065778518	0.683051854344408	0.8334721065778518
88	0.927969217020138	0.9269309952891711	0.8413209826822392	0.8412045474325218	0.8348547717842324	0.8376353039134055	0.6823373017006917	0.8376353039134055
89	0.9272957013201427	0.9265937248510119	0.8409182440596054	0.8409197483636232	0.8319604612850082	0.8409658617818485	0.6816064188712112	0.8409658617818485
90	0.9251053139544401	0.9245879541120097	0.8417237213048732	0.8415682589002145	0.8361064891846922	0.8368026644462948	0.6831185489593092	0.8368026644462948
91	0.9291863514673809	0.9291246029661548	0.8465565847764801	0.8468534411651237	0.8317152103559871	0.8559533721898418	0.693068812234382	0.8559533721898418
92	0.9262510050776719	0.9255394925616975	0.8385018123238018	0.8383166134305655	0.8333333333333334	0.832639467110741	0.6766510255796561	0.832639467110741
93	0.9251985150180362	0.9245825713283394	0.8437374144180427	0.8432815997069525	0.8447837150127226	0.829308909242298	0.6869607373580948	0.829308909242298
94	0.9270131754479171	0.9259187971458992	0.8409182440596054	0.8404725781037903	0.8415254237288136	0.8268109908409659	0.6813215092100726	0.8268109908409659
95	0.9264513711272848	0.924844430389675	0.8453483689085783	0.8451573117046247	0.8407005838198499	0.839300582847627	0.6903509415751223	0.839300582847627
96	0.9257336904633554	0.9235058819688986	0.837696335078534	0.8374050615646607	0.834731543624161	0.8284762697751873	0.6749699136143128	0.8284762697751873
97	0.9273340209212033	0.9261907089927485	0.8385018123238018	0.838421829962291	0.8311258278145696	0.835970024979184	0.6767190563684706	0.835970024979184
98	0.9278562066712477	0.9270877904299382	0.8417237213048732	0.8407791349122741	0.8537653239929948	0.8118234804329725	0.6826176540899016	0.8118234804329725
99	0.9267563042238592	0.9249772165985862	0.8461538461538461	0.8459373429058727	0.8421052631578947	0.839300582847627	0.6919474901267928	0.839300582847627
100	0.9270969589824392	0.9272670181360738	0.842529198550141	0.8423745942343939	0.8369384359400999	0.8376353039134055	0.6847311772088802	0.8376353039134055
101	0.9259015822747815	0.925165221235373	0.8413209826822392	0.8410204185020024	0.8387909319899244	0.8318068276436303	0.6822202891357436	0.8318068276436303
102	0.9272242579961316	0.9266598604320316	0.8449456302859444	0.8454775076931471	0.8253588516746412	0.861781848459617	0.6899930828882719	0.861781848459617
103	0.927139500234464	0.9260622113301964	0.8409182440596054	0.8406304029013784	0.8380872483221476	0.8318068276436303	0.6814221237658897	0.8318068276436303
104	0.9290126142930812	0.9297624315595351	0.8453483689085783	0.8452362241034188	0.8390041493775934	0.8417985012489592	0.6903998067336692	0.8417985012489592
105	0.9262247009447405	0.9254301241826925	0.8433346757954088	0.8436807080942688	0.8274193548387097	0.8542880932556203	0.6866570014238336	0.8542880932556203
106	0.9279857788816133	0.9264457137476421	0.8401127668143374	0.8392716807756406	0.8495652173913043	0.813488759367194	0.6794548575668901	0.813488759367194
107	0.9280169541502727	0.9258057951793731	0.8405155054369714	0.8405823410288618	0.8301886792452831	0.8426311407160699	0.680842320653384	0.8426311407160699
108	0.9290444390465045	0.9278975322029381	0.8457511075312123	0.8455999355711115	0.8402662229617305	0.8409658617818485	0.6911816902071639	0.8409658617818485
109	0.926761824844351	0.9247708039418623	0.8429319371727748	0.8430276511643313	0.8321048321048321	0.8459616985845129	0.6856945703061099	0.8459616985845129
110	0.9249484633839975	0.9243328127236617	0.837696335078534	0.837115716102416	0.841025641025641	0.8193172356369692	0.6747816681524921	0.8193172356369692
111	0.9279981190921243	0.9263211314186446	0.8368908578332662	0.8356780815778844	0.8547237076648841	0.7985012489592007	0.6727541641378929	0.7985012489592007
112	0.9282991552801162	0.9267333523889558	0.8441401530406766	0.844092481434478	0.8363636363636363	0.8426311407160699	0.6880220824501078	0.8426311407160699
113	0.9278412685216818	0.9266020057262065	0.8413209826822392	0.8408888978373457	0.8416596104995766	0.8276436303080766	0.6821366559401951	0.8276436303080766
114	0.9284196347037895	0.9255333499182146	0.8453483689085783	0.8447627497106546	0.8494439692044482	0.8268109908409659	0.6901063842234654	0.8268109908409659
115	0.9275067838683572	0.9251064419782834	0.8437374144180427	0.8431237749093643	0.8483290488431876	0.8243130724396336	0.6868618381920361	0.8243130724396336
116	0.9275155519126678	0.9264397330815664	0.8445428916633105	0.8441668474399259	0.8438818565400844	0.832639467110741	0.6886235131907417	0.832639467110741
117	0.9283274078673388	0.9265082086514256	0.8445428916633105	0.844403584636308	0.8387364921030757	0.8401332223147377	0.6887709342281896	0.8401332223147377
118	0.9274067632147417	0.9249064207172083	0.8453483689085783	0.8448679662423799	0.8470688190314358	0.8301415487094088	0.6901716372805792	0.8301415487094088
119	0.9244347209358814	0.922583434515473	0.8368908578332662	0.8367302468951381	0.8311148086522463	0.8318068276436303	0.6734427794618836	0.8318068276436303
120	0.9271596342621398	0.9241667587999027	0.8397100281917036	0.8397497015617511	0.8299096138044372	0.8409658617818485	0.6792135451494161	0.8409658617818485
121	0.9278461396574098	0.9260270619862382	0.8433346757954088	0.8432598419673674	0.8360927152317881	0.8409658617818485	0.6863932990706609	0.8409658617818485
122	0.9277483922004673	0.9264004623569199	0.8441401530406766	0.843855744238096	0.8414429530201343	0.8351373855120733	0.6878743339174667	0.8351373855120733
123	0.9276873406326762	0.9255311008834521	0.842529198550141	0.84269024382957	0.8303425774877651	0.8476269775187344	0.6849300753653629	0.8476269775187344
124	0.9291077638109688	0.9276736801966112	0.8413209826822392	0.8407310730397576	0.8451668092386655	0.8226477935054122	0.6820362379792848	0.8226477935054122
125	0.9283157171415917	0.9264853945750906	0.8413209826822392	0.841073026767865	0.8376569037656904	0.8334721065778518	0.6822537300925857	0.8334721065778518
126	0.9267140877142164	0.924176063628549	0.8445428916633105	0.8441931515728572	0.8433024431339511	0.8334721065778518	0.6886399002023891	0.8334721065778518
127	0.929242856641826	0.9273558416183912	0.8461538461538461	0.8450693065191384	0.8620689655172413	0.8118234804329725	0.6914117020106751	0.8118234804329725
128	0.9293412535835323	0.927154230867211	0.851389448248087	0.8513494994420926	0.843801652892562	0.8501248959200666	0.7025326832663819	0.8501248959200666
129	0.9292766298495403	0.9266210387815743	0.8445428916633105	0.8439301102435438	0.8491859468723222	0.8251457119067444	0.6884759524281596	0.8251457119067444
130	0.9275158766550496	0.926427845641839	0.8393072895690696	0.838596866106118	0.8456896551724138	0.8168193172356369	0.6779248534562098	0.8168193172356369
131	0.9282640831028746	0.9255090984349983	0.8461538461538461	0.845647997443628	0.8485106382978723	0.8301415487094088	0.6917691009333634	0.8301415487094088
132	0.9301320012833818	0.9281511151873469	0.8485702778896497	0.8483826530413423	0.8440366972477065	0.8426311407160699	0.6968019636256406	0.8426311407160699
133	0.9292743566528673	0.9271109480727092	0.8461538461538461	0.845805822241216	0.8449873631002527	0.8351373855120733	0.6918664297339705	0.8351373855120733
134	0.9309104087727205	0.9286533071548595	0.8501812323801853	0.8498111947791817	0.849789029535865	0.8384679433805162	0.6999169608988496	0.8384679433805162
135	0.9302869033995331	0.9278692855803634	0.846959323399114	0.8469804154364342	0.8378600823045268	0.8476269775187344	0.6937053684177039	0.8476269775187344
136	0.9287047585150701	0.9258390562311833	0.8405155054369714	0.8399247377055782	0.844311377245509	0.8218151540383014	0.6804222087304487	0.8218151540383014
137	0.9281695830697507	0.9261674311512047	0.8401127668143374	0.839902979965993	0.835559265442404	0.8334721065778518	0.6798596092845979	0.8334721065778518
138	0.9291990164202739	0.926412490242379	0.8437374144180427	0.842939645978845	0.852558542931483	0.8184845961698585	0.6867463768210189	0.8184845961698585
139	0.9293298876001668	0.9273301271164767	0.8429319371727748	0.8420807023788028	0.8529155787641427	0.8159866777685262	0.6850984926923938	0.8159866777685262
140	0.9319128885055485	0.9296925933685793	0.8521949254933548	0.851471927320057	0.8601036269430051	0.829308909242298	0.7037398390900038	0.829308909242298
141	0.9298718826355052	0.9272982742454416	0.8445428916633105	0.8435881565154364	0.8571428571428571	0.8143213988343048	0.688262562026265	0.8143213988343048
142	0.9293409288411503	0.9262596552979487	0.851389448248087	0.8513494994420926	0.843801652892562	0.8501248959200666	0.7025326832663819	0.8501248959200666
143	0.9307548571718058	0.928957627244797	0.8493757551349175	0.8486892098498262	0.8561584840654608	0.8276436303080766	0.6981129499330976	0.8276436303080766
144	0.9286027894071632	0.9260619986171937	0.8453483689085783	0.8447364455777232	0.8500428449014568	0.8259783513738551	0.6900900666642831	0.8259783513738551
145	0.9278325004773711	0.9252457364646781	0.8445428916633105	0.8433777234519855	0.8622222222222222	0.8076602830974188	0.6881310994895236	0.8076602830974188
146	0.9282056294741381	0.9262446066708556	0.8493757551349175	0.8487681222486201	0.8543273350471294	0.8301415487094088	0.6981606378449008	0.8301415487094088
147	0.9272125672703845	0.9243750422077136	0.8501812323801853	0.849758586513319	0.8509737510584251	0.8368026644462948	0.6998853705831285	0.8368026644462948
148	0.92751425294314	0.9250491177057868	0.8534031413612565	0.8529576237171053	0.8549618320610687	0.839300582847627	0.7063239907173878	0.839300582847627
149	0.9274697632368242	0.924812532603571	0.8481675392670157	0.8472561217186406	0.8601398601398601	0.8193172356369692	0.6955551139654742	0.8193172356369692
150	0.92910971226526	0.9267290577254766	0.8457511075312123	0.8452053735771412	0.8489761092150171	0.8284762697751873	0.6909378082329791	0.8284762697751873
151	0.929847851699247	0.9279271083752743	0.8457511075312123	0.8450212446466219	0.853195164075993	0.8226477935054122	0.6908238647724019	0.8226477935054122
152	0.9315913935474988	0.9296302450389841	0.8517921868707209	0.8513449530487465	0.8532654792196777	0.8376353039134055	0.7030967818241723	0.8376353039134055
153	0.9293013102705624	0.9265330898415969	0.8525976641159887	0.8516778139901616	0.8652668416447944	0.8234804329725229	0.7044303348721455	0.8234804329725229
154	0.9298384341701728	0.9289409856371371	0.8509867096254531	0.8505649218474984	0.8518204911092294	0.8376353039134055	0.7014988900961223	0.8376353039134055
155	0.9303161302139012	0.9272128106993393	0.8550140958517922	0.8547544233159834	0.8524727577535625	0.8467943380516236	0.7096581821772453	0.8467943380516236
156	0.9306038519642367	0.927641206481064	0.8530004027386227	0.852778041179932	0.8494983277591973	0.8459616985845129	0.7056488897708608	0.8459616985845129
157	0.9290129390354632	0.9252182302507818	0.8481675392670157	0.8473087299845032	0.8588850174216028	0.8209825145711906	0.6955871913201354	0.8209825145711906
158	0.9284738666815615	0.9261882161342637	0.8493757551349175	0.8488996429132769	0.8513169073916738	0.8343047460449625	0.6982400842263974	0.8343047460449625
159	0.9296754134944748	0.9273047000021957	0.8441401530406766	0.8440661773015466	0.8369205298013245	0.8417985012489592	0.6880056728543594	0.8417985012489592
160	0.9296072175942826	0.9269240213707998	0.8489730165122835	0.8481150653186826	0.8597560975609756	0.8218151540383014	0.6972021133820976	0.8218151540383014
161	0.9319723163614306	0.9293750575484375	0.8517921868707209	0.8508714786559822	0.8643919510061242	0.8226477935054122	0.7028152000900261	0.8226477935054122
162	0.9314290223565647	0.9282854740498607	0.8505839710028191	0.8502801227785998	0.8487394957983193	0.8409658617818485	0.7007630081537177	0.8409658617818485
163	0.9311744243291795	0.9293885896253293	0.8509867096254531	0.8503018805181849	0.8578811369509044	0.829308909242298	0.7013416884364869	0.829308909242298
164	0.9283384491083223	0.9276068077522747	0.8485702778896497	0.8486193902377244	0.8389482333607231	0.8501248959200666	0.6969454597391469	0.8501248959200666
165	0.9306759447730115	0.9298670348803477	0.8477648006443818	0.8471554515802613	0.8526135389888603	0.8284762697751873	0.6949324093726537	0.8284762697751873
166	0.9307041973602341	0.929539001956908	0.8465565847764801	0.8457486675820072	0.8559027777777778	0.8209825145711906	0.6923897580635983	0.8209825145711906
167	0.9304794756319812	0.9288108050201965	0.8461538461538461	0.8460425594375982	0.8398340248962656	0.8426311407160699	0.6920123077402646	0.8426311407160699
168	0.9300485424912418	0.9293412440152405	0.8505839710028191	0.8501749062468744	0.8510998307952623	0.8376353039134055	0.7007000073103571	0.8376353039134055
169	0.9276337581396679	0.9265991084119782	0.8477648006443818	0.8473921887766436	0.8472573839662447	0.835970024979184	0.6950769118810891	0.835970024979184
170	0.9293276144034937	0.9270367567768285	0.8433346757954088	0.842628542777015	0.85	0.8209825145711906	0.6859969122668311	0.8209825145711906
171	0.9275645880123298	0.9244274498250772	0.8465565847764801	0.8459064923795953	0.852233676975945	0.8259783513738551	0.6924869497039853	0.8259783513738551
172	0.9313825841959572	0.9290540990892543	0.8497784937575513	0.8493948750456263	0.8496621621621622	0.8376353039134055	0.6991023678787467	0.8376353039134055
173	0.9294938825030102	0.9266119099859171	0.8521949254933548	0.8517349686493705	0.8539898132427843	0.8376353039134055	0.703895790773098	0.8376353039134055
174	0.9293779494726834	0.9265770044194477	0.8554168344744261	0.8551707430495388	0.8525963149078727	0.8476269775187344	0.7104723046046881	0.8476269775187344
175	0.9287807482324273	0.9261040148878071	0.8437374144180427	0.8434657286374718	0.8407376362112322	0.8351373855120733	0.687076040791031	0.8351373855120733
176	0.9275697838904398	0.9243332983241257	0.8441401530406766	0.8436190070417138	0.8466780238500852	0.8276436303080766	0.6877264453750954	0.8276436303080766
177	0.9289856606753861	0.9260225852698152	0.8509867096254531	0.850459705315773	0.8542199488491049	0.8343047460449625	0.7014360292951536	0.8343047460449625
178	0.9305876148451433	0.9274307906668339	0.8493757551349175	0.8490837718437964	0.8471872376154492	0.8401332223147377	0.6983512389258074	0.8401332223147377
179	0.9298689599540684	0.9273710584602896	0.8477648006443818	0.8475237094413002	0.8443514644351464	0.8401332223147377	0.6951571319162371	0.8401332223147377
180	0.9297958929181481	0.9274489109395605	0.8485702778896497	0.8478302662497841	0.8565254969749352	0.8251457119067444	0.6964666103127641	0.8251457119067444
181	0.9264890412435814	0.923278417260519	0.8433346757954088	0.8434439708978867	0.8322422258592471	0.8467943380516236	0.686508723444653	0.8467943380516236
182	0.9274217013643078	0.9245017721504569	0.8481675392670157	0.8482293746371004	0.8382594417077176	0.8501248959200666	0.6961474528368338	0.8501248959200666
183	0.9299498208071536	0.9266488680200355	0.8489730165122835	0.8486148438443782	0.8482293423271501	0.8376353039134055	0.6975048966115676	0.8376353039134055
184	0.9274213766219257	0.9249402974998153	0.8493757551349175	0.8493205090401784	0.8420181968569065	0.8476269775187344	0.6984940318414343	0.8476269775187344
185	0.9299673568957746	0.9266924529170936	0.8517921868707209	0.851686906776854	0.845643153526971	0.8484596169858452	0.7032998147864329	0.8484596169858452
186	0.9292535731404278	0.9276961850100499	0.846959323399114	0.846875198904709	0.84009942004971	0.8442964196502915	0.6936409240709775	0.8442964196502915
187	0.9300920579704121	0.9284936861177893	0.8521949254933548	0.8518138810481646	0.8521959459459459	0.8401332223147377	0.7039425442667562	0.8401332223147377
188	0.9307986973933579	0.9284056031296606	0.8530004027386227	0.8524886957176872	0.8560477001703578	0.8368026644462948	0.7054784303925319	0.8368026644462948
189	0.9318791152978342	0.9308509036147292	0.8534031413612565	0.8533784898440068	0.8455821635012386	0.8526228143213989	0.7065711222807542	0.8526228143213989
190	0.9296617743144363	0.9275523694692305	0.8493757551349175	0.8494257255719038	0.8397699260476582	0.8509575353871773	0.698557451974577	0.8509575353871773
191	0.9304219962303905	0.9289216371299408	0.8497784937575513	0.8496053081090771	0.845	0.8442964196502915	0.6992290088309518	0.8442964196502915
192	0.9278893303941983	0.9255217945300259	0.8441401530406766	0.8435137905099884	0.8490566037735849	0.8243130724396336	0.6876606721405845	0.8243130724396336
193	0.9262292473380866	0.9239381138359104	0.8405155054369714	0.8399510418385094	0.8437233134073442	0.8226477935054122	0.6804390344414277	0.8226477935054122
194	0.930296970413371	0.9288225311704359	0.8525976641159887	0.8519671594524063	0.8583690987124464	0.832639467110741	0.7046015404778498	0.832639467110741
195	0.9292892948024333	0.9272035242580161	0.8509867096254531	0.850459705315773	0.8542199488491049	0.8343047460449625	0.7014360292951536	0.8343047460449625
196	0.9311117490494789	0.9303155302941707	0.8530004027386227	0.8524623915847558	0.856655290102389	0.835970024979184	0.7054629242951367	0.835970024979184
197	0.9291947947693096	0.9264125886944151	0.8449456302859444	0.8441886051795111	0.8529411764705882	0.8209825145711906	0.6891929984501185	0.8209825145711906
198	0.9298796764526701	0.9270638163957322	0.8489730165122835	0.8489304934395544	0.8413223140495868	0.8476269775187344	0.6976958163276239	0.8476269775187344
199	0.9300524393998242	0.9279626241792638	0.8445428916633105	0.8442983681045826	0.8410041841004184	0.8368026644462948	0.6887054310044114	0.8368026644462948
200	0.930344382801124	0.9266967430262704	0.8534031413612565	0.8532732733122814	0.8478802992518704	0.8492922564529559	0.7065093783913499	0.8492922564529559
201	0.9296364444086506	0.9262141166535003	0.8505839710028191	0.8505957723737758	0.841845140032949	0.8509575353871773	0.7009518516486566	0.8509575353871773
202	0.9294899855944277	0.9273824685705118	0.8481675392670157	0.847808508510199	0.8473861720067454	0.8368026644462948	0.6958915893934958	0.8368026644462948
203	0.9305298107011707	0.9278714740562432	0.8538058799838905	0.8539000261092875	0.8434426229508196	0.8567860116569526	0.7074464856569649	0.8567860116569526
204	0.9295162897273592	0.9274513654743075	0.8485702778896497	0.8483300447754796	0.8451882845188284	0.8409658617818485	0.6967700571441935	0.8409658617818485
205	0.9254771439816794	0.922000933204662	0.8445428916633105	0.8447981466302782	0.8304947283049473	0.8526228143213989	0.6890163259955691	0.8526228143213989
206	0.9278669231698494	0.9249596695959297	0.8453483689085783	0.8449731827741053	0.8447257383966245	0.8334721065778518	0.6902368628633285	0.8334721065778518
207	0.9290217070797736	0.9262166824845877	0.8465565847764801	0.8457223634490758	0.8565217391304348	0.8201498751040799	0.6923735534835898	0.8201498751040799
208	0.9314741615476442	0.9292591489334554	0.8521949254933548	0.8523399637067914	0.8406862745098039	0.8567860116569526	0.7042538573107402	0.8567860116569526
209	0.9316420533590704	0.9296143081277165	0.8546113572291583	0.8548115779751924	0.8420195439739414	0.8609492089925063	0.709119531041349	0.8609492089925063
210	0.9304125787013162	0.9280896290943726	0.8517921868707209	0.8516342985109913	0.8467943380516236	0.8467943380516236	0.7032685970219825	0.8467943380516236
211	0.9280016912583247	0.9257743528788077	0.846959323399114	0.846349116246082	0.8517566409597258	0.8276436303080766	0.6933182951365302	0.8276436303080766
212	0.9276857169207667	0.9250534816856543	0.8481675392670157	0.8472561217186406	0.8601398601398601	0.8193172356369692	0.6955551139654742	0.8193172356369692
213	0.9265078763017298	0.9232667041942572	0.8445428916633105	0.8438775019776812	0.8503869303525365	0.8234804329725229	0.6884431421525827	0.8234804329725229
214	0.9300404239316951	0.9267911115070947	0.8501812323801853	0.8500216278426325	0.8451290591174022	0.8451290591174022	0.7000432556852649	0.8451290591174022
215	0.9290431400769769	0.9262173080355665	0.8489730165122835	0.8480887611857513	0.8603839441535777	0.8209825145711906	0.6971861606310952	0.8209825145711906
216	0.9256534790950339	0.9221813173736134	0.842126459927507	0.8420897951654953	0.8340214698596201	0.8409658617818485	0.6839996701485046	0.8409658617818485
217	0.9277850880896186	0.9238279567974793	0.8473620620217479	0.846739131846706	0.8524871355060034	0.8276436303080766	0.6941172990730788	0.8276436303080766
218	0.9291373153677187	0.9263579729456423	0.8461538461538461	0.8453849561143145	0.8545454545454545	0.8218151540383014	0.6916067495589533	0.8218151540383014
219	0.9266705722350459	0.9238557754294284	0.8473620620217479	0.847501951701715	0.8357843137254902	0.8517901748542881	0.6945836837078216	0.8517901748542881
220	0.9294269855723454	0.9266955397704022	0.846959323399114	0.8461386831826312	0.8566463944396178	0.8209825145711906	0.693189053215379	0.8209825145711906
221	0.9289025266256279	0.9253075992351081	0.8445428916633105	0.8439827185094064	0.8479931682322801	0.8268109908409659	0.6885087557939169	0.8268109908409659
222	0.9284758151358525	0.9243821289504823	0.8465565847764801	0.8465640957028788	0.8377265238879736	0.8467943380516236	0.6928912546580543	0.8467943380516236
223	0.9289908565534961	0.9244831059021515	0.846959323399114	0.8467436782400521	0.8429406850459482	0.8401332223147377	0.693560330492621	0.8401332223147377
224	0.9288028307143942	0.9253546783031387	0.8509867096254531	0.8508805714426746	0.8448132780082988	0.8476269775187344	0.7016873137798374	0.8476269775187344
225	0.9289151915785208	0.9254112208021525	0.846959323399114	0.8465595493095328	0.8469991546914624	0.8343047460449625	0.6934474282190555	0.8343047460449625
226	0.9297332176384474	0.9264908735295254	0.8493757551349175	0.849294204907247	0.8425849212924607	0.8467943380516236	0.6984781726382778	0.8467943380516236
227	0.929828367156335	0.9259753484388727	0.8509867096254531	0.8505386177145671	0.8524173027989822	0.8368026644462948	0.7014831773775645	0.8368026644462948
228	0.9277701499400526	0.9244578128101619	0.8465565847764801	0.8461432295759774	0.8468697123519459	0.8334721065778518	0.692632622062658	0.8334721065778518
229	0.9311484449386301	0.929063920070766	0.851389448248087	0.8512705870432986	0.845514950166113	0.8476269775187344	0.7024857392517941	0.8476269775187344
230	0.9297497794999228	0.927444889826484	0.8497784937575513	0.8488950965199307	0.8612565445026178	0.8218151540383014	0.6988011677743959	0.8218151540383014
231	0.9283053253853719	0.9255024974978493	0.8509867096254531	0.8503018805181849	0.8578811369509044	0.829308909242298	0.7013416884364869	0.829308909242298
232	0.9274528766329669	0.925803878893254	0.8441401530406766	0.8437505277063706	0.84375	0.8318068276436303	0.6878086229733914	0.8318068276436303
233	0.9315352131154356	0.9305180130702178	0.8485702778896497	0.8478828745156468	0.8552971576227391	0.8268109908409659	0.696498580681403	0.8268109908409659
234	0.9302830064909507	0.9288083713167758	0.8481675392670157	0.8476506837126108	0.8509369676320273	0.8318068276436303	0.6957955294739302	0.8318068276436303
235	0.9317232389545373	0.9293155849344732	0.8525976641159887	0.8521775925158572	0.8535139712108383	0.839300582847627	0.7047259291221102	0.839300582847627
236	0.9310961614151493	0.9296492114308542	0.8449456302859444	0.8446620795722753	0.8422818791946308	0.835970024979184	0.6894873864553609	0.835970024979184
237	0.9302135116212309	0.9263054254556264	0.8429319371727748	0.8418702693153521	0.8578993821712269	0.8093255620316403	0.6849657238335172	0.8093255620316403
238	0.9290233307916831	0.9254951965460323	0.846959323399114	0.8461912914484939	0.8554112554112554	0.8226477935054122	0.6932213739068123	0.8226477935054122
239	0.9291938205421639	0.9255335276758001	0.8449456302859444	0.8440570845148543	0.856020942408377	0.8168193172356369	0.6891111249145909	0.8168193172356369
240	0.9260814895543366	0.9229296592000862	0.8465565847764801	0.845959100645458	0.851027397260274	0.8276436303080766	0.6925193332707119	0.8276436303080766
241	0.926480273199271	0.924698833186819	0.8405155054369714	0.8398458253067842	0.8460877042132416	0.8193172356369692	0.6803717209648258	0.8193172356369692
242	0.9277626808652697	0.9257389109421117	0.8417237213048732	0.841226305172107	0.8435374149659864	0.8259783513738551	0.6829016887642213	0.8259783513738551
243	0.9305402024573904	0.9289424959262274	0.8493757551349175	0.848978555312071	0.849535080304311	0.8368026644462948	0.6982877319840177	0.8368026644462948
244	0.9306411973381518	0.9294492542785191	0.8493757551349175	0.8492152925084531	0.8442964196502915	0.8442964196502915	0.6984305850169061	0.8442964196502915
245	0.9313082181905095	0.9307882161261826	0.8473620620217479	0.8471336938406762	0.8436454849498328	0.8401332223147377	0.694358710200428	0.8401332223147377
246	0.9313676460463914	0.9287967266982168	0.8485702778896497	0.847988091047372	0.8528656971770744	0.8301415487094088	0.6965625012188098	0.8301415487094088
247	0.9296403413172329	0.9268495350056896	0.8517921868707209	0.8516079943780599	0.8473728106755629	0.8459616985845129	0.7032529856761589	0.8459616985845129
248	0.9298968877989091	0.9282125678213714	0.8449456302859444	0.8442938217112365	0.8505154639175257	0.8243130724396336	0.6892584662363106	0.8243130724396336
249	0.9295507124198373	0.9277392770546954	0.8477648006443818	0.8476815342388884	0.8409279204639603	0.8451290591174022	0.6952533402600776	0.8451290591174022
250	0.9304804498591267	0.9293336412678219	0.8453483689085783	0.8451573117046247	0.8407005838198499	0.839300582847627	0.6903509415751223	0.839300582847627
251	0.9293600886416805	0.9276021162929191	0.8465565847764801	0.8458538841137325	0.853448275862069	0.8243130724396336	0.6924545593153282	0.8243130724396336
252	0.9299212434775492	0.9292018785870123	0.8497784937575513	0.8491844419821755	0.8544520547945206	0.8309741881765196	0.6989756202361563	0.8309741881765196
253	0.9290022225368615	0.9278433520304278	0.8521949254933548	0.8518138810481646	0.8521959459459459	0.8401332223147377	0.7039425442667562	0.8401332223147377
254	0.9283952790251493	0.92798207980135	0.8457511075312123	0.8447582033173084	0.859402460456942	0.8143213988343048	0.6906609425809975	0.8143213988343048
255	0.9319476359404084	0.9311046280637825	0.8489730165122835	0.8482728901162708	0.8560344827586207	0.8268109908409659	0.6972977946017009	0.8268109908409659
256	0.9309415840413799	0.9301237514040808	0.8509867096254531	0.8507753549109491	0.8471177944862155	0.8442964196502915	0.7016245323217626	0.8442964196502915
257	0.9309714603405118	0.9298964611396877	0.8449456302859444	0.8443201258441678	0.8499142367066895	0.8251457119067444	0.6892748288737081	0.8251457119067444
258	0.9310500479969239	0.9304667927682231	0.8477648006443818	0.847208059846124	0.8514090520922288	0.8301415487094088	0.6949645328759082	0.8301415487094088
259	0.9324880072638377	0.932103882580773	0.8453483689085783	0.8451836158375561	0.8401332223147377	0.8401332223147377	0.6903672316751122	0.8401332223147377
260	0.932857564094404	0.9334780467712949	0.851389448248087	0.8511127622457104	0.8489932885906041	0.8426311407160699	0.7023918067585148	0.8426311407160699
261	0.9337905489575119	0.9344457418300811	0.8453483689085783	0.8447364455777232	0.8500428449014568	0.8259783513738551	0.6900900666642831	0.8259783513738551
262	0.9329517393851458	0.9319677517946744	0.8477648006443818	0.847050235048536	0.8550474547023296	0.8251457119067444	0.6948681420641738	0.8251457119067444
263	0.9316186719075756	0.9313107007581418	0.8509867096254531	0.8505123135816357	0.8530161427357689	0.835970024979184	0.7014674630047247	0.835970024979184
264	0.9271170930101151	0.9253813131775382	0.851389448248087	0.8510601539798478	0.8501683501683501	0.8409658617818485	0.7023604827452457	0.8409658617818485
265	0.9311445480300476	0.927666908705262	0.8505839710028191	0.850069689715149	0.8534923339011925	0.8343047460449625	0.700636979933231	0.8343047460449625
266	0.9303495786792337	0.9295177356753913	0.8473620620217479	0.8472126062394703	0.8419301164725458	0.8426311407160699	0.6944069467063059	0.8426311407160699
267	0.9313803109992843	0.9311581192049008	0.8497784937575513	0.8494211791785576	0.8490725126475548	0.8384679433805162	0.6991182038296392	0.8384679433805162
268	0.930793176772866	0.9313523992140735	0.8449456302859444	0.8447672961040007	0.84	0.839300582847627	0.6895527302946822	0.839300582847627
269	0.9300267847516566	0.9285864725386093	0.8517921868707209	0.8513975613146092	0.8520710059171598	0.839300582847627	0.70312803574898	0.839300582847627
270	0.9309246974375227	0.9297806126487138	0.8465565847764801	0.8460117089113206	0.8498293515358362	0.829308909242298	0.6925517100176632	0.829308909242298
271	0.9320405122616228	0.9301415170940979	0.8501812323801853	0.8501268443743578	0.8428453267162944	0.8484596169858452	0.7001063632219615	0.8484596169858452
272	0.9307652489280255	0.9294261332125738	0.8437374144180427	0.8433605121057466	0.8430379746835444	0.8318068276436303	0.6870101635181549	0.8318068276436303
273	0.9319044452036199	0.9304663601815757	0.8489730165122835	0.8485622355785156	0.8494077834179357	0.835970024979184	0.6974730532112774	0.835970024979184
274	0.9314280481294189	0.929100940236719	0.8505839710028191	0.8504379475761878	0.8452579034941764	0.8459616985845129	0.7008574597045896	0.8459616985845129
275	0.9306064499032918	0.9296908107221886	0.8453483689085783	0.8447627497106546	0.8494439692044482	0.8268109908409659	0.6901063842234654	0.8268109908409659
276	0.929665346480637	0.9284257806867704	0.8485702778896497	0.8479354827815093	0.8540772532188842	0.8284762697751873	0.6965305443160423	0.8284762697751873
277	0.9312809398304325	0.9289568972864303	0.8485702778896497	0.8478565703827154	0.8559102674719585	0.8259783513738551	0.6964825963389665	0.8259783513738551
278	0.9314809811376635	0.9293984876056977	0.8465565847764801	0.8463010543735654	0.8433835845896147	0.8384679433805162	0.6927296603186244	0.8384679433805162
279	0.9327669609698626	0.9315047722485204	0.8505839710028191	0.8498855607846295	0.8577586206896551	0.8284762697751873	0.7005266181259495	0.8284762697751873
280	0.928571289396122	0.925444147891934	0.8453483689085783	0.8452362241034188	0.8390041493775934	0.8417985012489592	0.6903998067336692	0.8417985012489592
281	0.9322590638846204	0.9292199174874749	0.8457511075312123	0.8453105901088667	0.8466101694915255	0.8318068276436303	0.6910028810821718	0.8318068276436303
282	0.9305064292496763	0.9271229220729005	0.846959323399114	0.8469804154364342	0.8378600823045268	0.8476269775187344	0.6937053684177039	0.8476269775187344
283	0.9306804911663578	0.9274568895324213	0.842126459927507	0.8412217587787608	0.8532751091703057	0.813488759367194	0.6834502612829075	0.813488759367194
284	0.9272395208880795	0.9240769624413366	0.8413209826822392	0.840757377172689	0.8445772843723314	0.8234804329725229	0.6820529787119256	0.8234804329725229
285	0.9294795938382083	0.9269375658078457	0.8417237213048732	0.8419365167612534	0.8284552845528456	0.8484596169858452	0.6833517592326086	0.8484596169858452
286	0.928837902891636	0.9261192167984806	0.8445428916633105	0.8441931515728572	0.8433024431339511	0.8334721065778518	0.6886399002023891	0.8334721065778518
287	0.9304768776929262	0.9288070047672062	0.8505839710028191	0.850069689715149	0.8534923339011925	0.8343047460449625	0.700636979933231	0.8343047460449625
288	0.9289509132405263	0.9275576215257315	0.8517921868707209	0.851686906776854	0.845643153526971	0.8484596169858452	0.7032998147864329	0.8484596169858452
289	0.9298202485967881	0.9279568427009502	0.8457511075312123	0.8455473273052487	0.8414023372287145	0.839300582847627	0.6911491948513878	0.839300582847627
290	0.9304495993328492	0.928742806936532	0.8501812323801853	0.8494692410510742	0.8576358930112166	0.8276436303080766	0.6997115048885519	0.8276436303080766
291	0.9313601769716084	0.9296403695733421	0.8517921868707209	0.8513975613146092	0.8520710059171598	0.839300582847627	0.70312803574898	0.839300582847627
292	0.9295435680874362	0.9268876105215246	0.8485702778896497	0.8478302662497841	0.8565254969749352	0.8251457119067444	0.6964666103127641	0.8251457119067444
293	0.9293971092732136	0.926914381850592	0.8477648006443818	0.8468134978521539	0.8606485539000877	0.8176519567027477	0.6947234415697621	0.8176519567027477
294	0.9297517279542139	0.9270232284971102	0.8473620620217479	0.8470810855748134	0.8447986577181208	0.8384679433805162	0.6943265440690436	0.8384679433805162
295	0.9297293207298651	0.9277759728934666	0.8473620620217479	0.8474493434358523	0.8368852459016394	0.8501248959200666	0.6945515649145722	0.8501248959200666
296	0.93044797562094	0.9281958563247538	0.8485702778896497	0.8480670034461661	0.851063829787234	0.832639467110741	0.6966104239553524	0.832639467110741
297	0.9314170068884353	0.9295339703592701	0.8485702778896497	0.8479617869144407	0.8534704370179949	0.829308909242298	0.6965465236087771	0.829308909242298
298	0.9308211046177068	0.9282785609758564	0.8517921868707209	0.8509240869218448	0.8631211857018308	0.8243130724396336	0.7028465133219945	0.8243130724396336
299	0.9298832486188708	0.9271215856175536	0.8505839710028191	0.849990777316355	0.8553082191780822	0.8318068276436303	0.7005896919775174	0.8318068276436303
300	0.9298813001645793	0.9266462861369085	0.8489730165122835	0.8482728901162708	0.8560344827586207	0.8268109908409659	0.6972977946017009	0.8268109908409659
301	0.9297127588683898	0.9278397343480357	0.8453483689085783	0.8447890538435858	0.8488471391972673	0.8276436303080766	0.6901227000644148	0.8276436303080766
302	0.9309734087948032	0.9298359360766063	0.8509867096254531	0.850459705315773	0.8542199488491049	0.8343047460449625	0.7014360292951536	0.8343047460449625
303	0.9305275375044976	0.9291574855234799	0.8505839710028191	0.849990777316355	0.8553082191780822	0.8318068276436303	0.7005896919775174	0.8318068276436303
304	0.9326591464990823	0.9309029671142132	0.8517921868707209	0.8511871282511583	0.856898029134533	0.832639467110741	0.7030029805532714	0.832639467110741
305	0.931842744151065	0.9316709955465642	0.8521949254933548	0.8513404066554002	0.8632404181184669	0.8251457119067444	0.7036618016299461	0.8251457119067444
306	0.932158718488623	0.9311288342975182	0.8525976641159887	0.851783030521887	0.8627280625543006	0.8268109908409659	0.704492614412707	0.8268109908409659
307	0.9291032174176226	0.9265362199019563	0.8465565847764801	0.8455908427844191	0.8596491228070176	0.8159866777685262	0.6922925049675988	0.8159866777685262
308	0.9284881553463636	0.9273540936895678	0.8501812323801853	0.8500742361084952	0.8439834024896266	0.8467943380516236	0.7000748127732419	0.8467943380516236
309	0.9299848929843955	0.928194100514014	0.8485702778896497	0.8481722199778916	0.8486897717666948	0.835970024979184	0.696674297395697	0.835970024979184
310	0.9272161394365849	0.9253126499165444	0.8481675392670157	0.8474402506491601	0.8557858376511226	0.8251457119067444	0.6956673551415026	0.8251457119067444
311	0.9268745104508593	0.9247256496865319	0.8465565847764801	0.8458801882466639	0.8528399311531841	0.8251457119067444	0.6924707553625327	0.8251457119067444
312	0.9303713364188189	0.9287282418657286	0.8485702778896497	0.8478565703827154	0.8559102674719585	0.8259783513738551	0.6964825963389665	0.8259783513738551
313	0.9297842021924009	0.927400673045323	0.846959323399114	0.8462438997143567	0.8541846419327006	0.8243130724396336	0.693253687789381	0.8243130724396336
314	0.9277295571423189	0.9232028708635329	0.8461538461538461	0.84588473464001	0.8432523051131601	0.8376353039134055	0.691915071088077	0.8376353039134055
315	0.9311146717309159	0.9277092114940412	0.8493757551349175	0.849136380109659	0.8460251046025105	0.8417985012489592	0.6983829823721499	0.8417985012489592
316	0.9313140635533832	0.9296048108817178	0.8481675392670157	0.8476243795796794	0.8515358361774744	0.8309741881765196	0.6957795135870316	0.8309741881765196
317	0.93028463020286	0.926879567757683	0.8437374144180427	0.8430448625105704	0.8501291989664083	0.8218151540383014	0.686812365171235	0.8218151540383014
318	0.9288726503264961	0.9255237296876383	0.8477648006443818	0.8470765391814674	0.8544358311800172	0.8259783513738551	0.6948842114297082	0.8259783513738551
319	0.9293922381374854	0.9280362317281827	0.8453483689085783	0.8446312290459979	0.8524590163934426	0.8226477935054122	0.6900247792397955	0.8226477935054122
320	0.9268712630270407	0.9245376706698668	0.8477648006443818	0.8476289259730256	0.8420615128844555	0.8434637801831807	0.6952212775602479	0.8434637801831807
321	0.9248669530461485	0.9223408417715775	0.8461538461538461	0.8461740801022548	0.837037037037037	0.8467943380516236	0.692093291409376	0.8467943380516236
322	0.9274148817742884	0.9253281958541408	0.8445428916633105	0.8439564143764751	0.8485885372112917	0.8259783513738551	0.6884923549746292	0.8259783513738551
323	0.9277019540398602	0.9266636456164937	0.846959323399114	0.8464543327778074	0.8493617021276596	0.8309741881765196	0.6933828752740264	0.8309741881765196
324	0.9269719331654199	0.924268027420519	0.8505839710028191	0.8503590351773938	0.846989966555184	0.8434637801831807	0.7008102413835325	0.8434637801831807
325	0.931265352196103	0.9296053010117886	0.8521949254933548	0.8518401851810959	0.851602023608769	0.8409658617818485	0.7039581254838541	0.8409658617818485
326	0.9292912432567245	0.9269204758855114	0.8497784937575513	0.849526395710283	0.8467336683417085	0.8417985012489592	0.6991815309681022	0.8417985012489592
327	0.9316001615918091	0.9295765098746648	0.8505839710028191	0.8498066483858355	0.8596187175043327	0.8259783513738551	0.7004792952951286	0.8259783513738551
328	0.93137608934832	0.929236572644752	0.8461538461538461	0.8456216933106966	0.8491048593350383	0.829308909242298	0.6917528734885099	0.829308909242298
329	0.929497129926829	0.927048903174804	0.85581957309706	0.8552977173208494	0.8593350383631714	0.839300582847627	0.7111191851017973	0.839300582847627
330	0.9287356090413474	0.9257458199751054	0.8465565847764801	0.8455382345185565	0.8609154929577465	0.8143213988343048	0.6922600736020538	0.8143213988343048
331	0.928823289484452	0.9264107862040736	0.8489730165122835	0.8484570190467902	0.8517887563884157	0.832639467110741	0.6974093462936971	0.832639467110741
332	0.9274580725110768	0.9255268901861479	0.851389448248087	0.8513231953091613	0.8443708609271523	0.8492922564529559	0.702517036907645	0.8492922564529559
333	0.9286726090192651	0.9264757828441046	0.8437374144180427	0.8427029087824629	0.8581497797356828	0.8109908409658618	0.6865978013141107	0.8109908409658618
334	0.9275600416189836	0.9250975153935098	0.8417237213048732	0.8410947845074502	0.8464837049742711	0.8218151540383014	0.6828182019412137	0.8218151540383014
335	0.9274314436357637	0.9235354557274428	0.8453483689085783	0.845104703438762	0.8418410041841005	0.8376353039134055	0.6903183562323678	0.8376353039134055
336	0.9293630113231174	0.9269328063987826	0.8505839710028191	0.850753597171364	0.8384991843393148	0.8559533721898418	0.7010461840423263	0.8559533721898418
337	0.930870140717369	0.9277915712875958	0.8534031413612565	0.8529313195841739	0.8555649957519117	0.8384679433805162	0.7063085311722157	0.8384679433805162
338	0.9308529293711298	0.9285768648635495	0.8485702778896497	0.8477776579839214	0.8577623590633131	0.8234804329725229	0.6964346332079977	0.8234804329725229
339	0.9301297280867089	0.9261204723224062	0.8457511075312123	0.84517906944421	0.8495726495726496	0.8276436303080766	0.6909215357379764	0.8276436303080766
340	0.9313656975921002	0.9278983422339543	0.8477648006443818	0.8465767606557718	0.8664292074799644	0.8101582014987511	0.69457860376968	0.8101582014987511
341	0.9336161622984487	0.930555965673597	0.8530004027386227	0.8523308709200992	0.8597246127366609	0.8318068276436303	0.7053853693105628	0.8318068276436303
342	0.9300352280535851	0.9265510108051055	0.8497784937575513	0.8493422667797637	0.8508474576271187	0.835970024979184	0.6990706909755876	0.835970024979184
343	0.9292227226141503	0.9264262670896442	0.8477648006443818	0.8472869722449181	0.8496176720475785	0.832639467110741	0.6950127054480701	0.832639467110741
344	0.9288888874455896	0.9264737170953989	0.8457511075312123	0.8453895025076607	0.8448566610455311	0.8343047460449625	0.691051667739281	0.8343047460449625
345	0.9313303006724766	0.927173696963779	0.8570277889649618	0.856888630249623	0.8519134775374376	0.8526228143213989	0.7137584857011572	0.8526228143213989
346	0.9283202635349377	0.925071845658879	0.8497784937575513	0.8492370502480382	0.8532423208191127	0.832639467110741	0.6990073171564	0.832639467110741
347	0.9295961763532989	0.9258430714489645	0.851389448248087	0.8503762465236329	0.8661971830985915	0.8193172356369692	0.7019526697090757	0.8193172356369692
348	0.9335719973345145	0.9317305420461564	0.8501812323801853	0.8491798955888294	0.8645558487247141	0.8184845961698585	0.6995374376256434	0.8184845961698585
349	0.9335934303317179	0.9327352455314071	0.8505839710028191	0.8497803442529042	0.8602430555555556	0.8251457119067444	0.700463517694475	0.8251457119067444
350	0.9326058887484558	0.9321255430019685	0.851389448248087	0.8507445043846716	0.8573883161512027	0.8309741881765196	0.7021724001070093	0.8309741881765196
351	0.9320999401175049	0.9300498697637758	0.8517921868707209	0.8512660406499524	0.855072463768116	0.8351373855120733	0.7030498885962608	0.8351373855120733
352	0.9325279505768075	0.9316978460399896	0.8477648006443818	0.8475237094413002	0.8443514644351464	0.8401332223147377	0.6951571319162371	0.8401332223147377
353	0.9311900119635094	0.928950151136888	0.8461538461538461	0.8462266883681175	0.8359310910582445	0.8484596169858452	0.692125672953517	0.8484596169858452
354	0.9337681417331631	0.9310203022497092	0.8493757551349175	0.8489259470462083	0.8507209499575912	0.8351373855120733	0.698255968484349	0.8351373855120733
355	0.929894614602236	0.9281765914575942	0.8441401530406766	0.844013569035684	0.8380398671096345	0.8401332223147377	0.687972848483589	0.8401332223147377
356	0.9323840897016398	0.9311901780308454	0.8481675392670157	0.8478874209089928	0.8456375838926175	0.839300582847627	0.6959395966069378	0.839300582847627
357	0.9313247800519847	0.9297769837426227	0.8485702778896497	0.8480143951803034	0.852263023057216	0.8309741881765196	0.6965784771464061	0.8309741881765196
358	0.9291779081654524	0.9264215763518495	0.8445428916633105	0.8436144606483676	0.8565179352580927	0.8151540383014155	0.6882789870509511	0.8151540383014155
359	0.9290778875118368	0.9258930699663578	0.8497784937575513	0.84868466345648	0.8663716814159292	0.8151540383014155	0.6986741662011451	0.8151540383014155
360	0.9314777337138449	0.9281917949118039	0.8497784937575513	0.8496842205078712	0.8432835820895522	0.8467943380516236	0.6992764717094042	0.8467943380516236
361	0.9313731666668833	0.9281726191506855	0.851389448248087	0.8512705870432986	0.845514950166113	0.8476269775187344	0.7024857392517941	0.8476269775187344
362	0.9299533929733542	0.9279146167900347	0.8517921868707209	0.8514764737134031	0.8502943650126157	0.8417985012489592	0.7031749043006869	0.8417985012489592
363	0.9311198676090258	0.9287470177003645	0.8538058799838905	0.8537422013116994	0.8468543046357616	0.8517901748542881	0.7073541582587402	0.8517901748542881
364	0.9289476658167076	0.9257548468875177	0.8485702778896497	0.8484089571742737	0.8434637801831807	0.8434637801831807	0.6968179143485473	0.8434637801831807
365	0.9280789799452094	0.9243876621941889	0.842529198550141	0.8419800322404236	0.8455631399317406	0.8251457119067444	0.6844822010942424	0.8251457119067444
366	0.927949407734844	0.9247847544369995	0.8449456302859444	0.8446883837052067	0.8417085427135679	0.8368026644462948	0.6895037249938856	0.8368026644462948
367	0.9263338143850486	0.9230831167366691	0.8413209826822392	0.8406258565080322	0.8475452196382429	0.8193172356369692	0.6819692574161509	0.8193172356369692
368	0.928006237651671	0.9253519142722856	0.8389045509464358	0.838811845562915	0.831814415907208	0.835970024979184	0.6775167621799763	0.835970024979184
369	0.9304145271556074	0.9269776634462337	0.8489730165122835	0.848588539711447	0.8488175675675675	0.8368026644462948	0.6974889757494103	0.8368026644462948
370	0.9303434085739783	0.9272011545295388	0.851389448248087	0.851533628372612	0.8398692810457516	0.8559533721898418	0.7026421617102538	0.8559533721898418
371	0.9296630732839638	0.9267417885635444	0.8501812323801853	0.8502583650390145	0.8400328137817884	0.8526228143213989	0.7001852103107548	0.8526228143213989
372	0.9290765885423093	0.9263228190253805	0.846959323399114	0.8469804154364342	0.8378600823045268	0.8476269775187344	0.6937053684177039	0.8476269775187344
373	0.9280081861059621	0.9250476299412476	0.8457511075312123	0.8454684149064547	0.8431208053691275	0.8368026644462948	0.6911004389932551	0.8368026644462948
374	0.9280633923108799	0.9244694312628396	0.846959323399114	0.8463754203790133	0.8511548331907614	0.8284762697751873	0.6933344427211376	0.8284762697751873
375	0.9313819347111936	0.9280316296232152	0.846959323399114	0.8467699823729835	0.8423686405337781	0.8409658617818485	0.6935764526003816	0.8409658617818485
376	0.9303180786681926	0.9266925191137713	0.8566250503423278	0.8568931766429692	0.8426601784266018	0.86511240632806	0.7131860415917683	0.86511240632806
377	0.9294847897163181	0.9253939158150555	0.8538058799838905	0.8536632889129054	0.848585690515807	0.8492922564529559	0.7073079727028735	0.8492922564529559
378	0.930724006645528	0.9264601376232876	0.8546113572291583	0.8541276705189773	0.8571428571428571	0.839300582847627	0.7087213985849463	0.839300582847627
379	0.93162808943665	0.927453409125247	0.8525976641159887	0.8516778139901616	0.8652668416447944	0.8234804329725229	0.7044303348721455	0.8234804329725229
380	0.9331160590303711	0.9284971192896265	0.8517921868707209	0.851239736517021	0.8556789069171649	0.8343047460449625	0.7030342542283974	0.8343047460449625
381	0.9339305129240971	0.9306073322956405	0.8550140958517922	0.8548070315818461	0.8512949039264829	0.8484596169858452	0.7096887341509042	0.8484596169858452
382	0.9298270681868074	0.9252249817212674	0.8485702778896497	0.8484878695730677	0.8417564208782105	0.8459616985845129	0.6968657564491778	0.8459616985845129
383	0.933222899274006	0.9289973617092213	0.851389448248087	0.8510601539798478	0.8501683501683501	0.8409658617818485	0.7023604827452457	0.8409658617818485
384	0.9317277853478834	0.927810535111272	0.8517921868707209	0.8511345199852957	0.8581255374032674	0.8309741881765196	0.7029717002905451	0.8309741881765196
385	0.9286368873572595	0.9252360096018724	0.846959323399114	0.8470593278352283	0.8361998361998362	0.8501248959200666	0.6937536838880046	0.8501248959200666
386	0.9278448406878822	0.9245482411221152	0.8485702778896497	0.8482774365096168	0.8463476070528967	0.839300582847627	0.696738143946801	0.839300582847627
387	0.9289768926310757	0.9241856281412142	0.8530004027386227	0.8520152213249229	0.867311072056239	0.8218151540383014	0.7051990706059115	0.8218151540383014
388	0.9306236612495307	0.9262724951232111	0.8501812323801853	0.8493640245193488	0.8601216333622936	0.8243130724396336	0.6996482310424237	0.8243130724396336
389	0.9317745482508728	0.9274033086018868	0.8505839710028191	0.850148602113943	0.8516949152542372	0.8368026644462948	0.7006842529542707	0.8368026644462948
390	0.9321061102227604	0.9285968226368115	0.8505839710028191	0.8499118649175609	0.8571428571428571	0.829308909242298	0.7005423890800515	0.829308909242298
391	0.9311523418472127	0.926388423008309	0.8505839710028191	0.8501749062468744	0.8510998307952623	0.8376353039134055	0.7007000073103571	0.8376353039134055
392	0.9308847541245531	0.9269965923653405	0.8505839710028191	0.8498329525187669	0.8589965397923875	0.8268109908409659	0.7004950712337505	0.8268109908409659
393	0.9327903424213573	0.9288415401305895	0.8505839710028191	0.8500433855822176	0.8540955631399317	0.8334721065778518	0.7006212189410841	0.8334721065778518
394	0.9319031462340924	0.9285884524394513	0.8517921868707209	0.8513712571816778	0.8526672311600338	0.8384679433805162	0.7031124096091164	0.8384679433805162
395	0.9338084097885148	0.93051114357814	0.8554168344744261	0.854881397587294	0.8592150170648464	0.8384679433805162	0.7103046296491893	0.8384679433805162
396	0.9329910332133518	0.9294753513674062	0.8550140958517922	0.8545176861196013	0.857872340425532	0.839300582847627	0.7095206186806566	0.839300582847627
397	0.9313666718192458	0.9288617982069	0.8550140958517922	0.8548596398477089	0.8501248959200666	0.8501248959200666	0.7097192796954177	0.8501248959200666
398	0.9299485218376262	0.9270691065032364	0.846959323399114	0.8462965079802193	0.8529664660361135	0.8259783513738551	0.6932859948652369	0.8259783513738551
399	0.9313926512097954	0.9277864431703167	0.8546113572291583	0.854259191183634	0.8541315345699831	0.8434637801831807	0.708798047138069	0.8434637801831807
400	0.9320531772145156	0.9289151437525215	0.8578332662102296	0.8573793159886263	0.8599320882852292	0.8434637801831807	0.7151913191904731	0.8434637801831807
401	0.9317641564946528	0.9279561101370781	0.8570277889649618	0.8564677641227214	0.8615384615384616	0.839300582847627	0.7135173503576544	0.839300582847627
402	0.9333251931242945	0.9306557020444137	0.8525976641159887	0.8519934635853377	0.8577549271636675	0.8334721065778518	0.7046170947893948	0.8334721065778518
403	0.9305574138036296	0.9282671076695314	0.8493757551349175	0.8494520297048351	0.8392124692370796	0.8517901748542881	0.6985733028393072	0.8517901748542881
404	0.9319021720069469	0.9297471974857563	0.8566250503423278	0.8559462278574407	0.8639104220499569	0.8351373855120733	0.7126422731983496	0.8351373855120733
405	0.9310445273764323	0.9286702342085268	0.8562223117196939	0.8561349031813064	0.8499170812603648	0.8534554537885096	0.7121761404832635	0.8534554537885096
406	0.9314381151432568	0.9293662380956914	0.8530004027386227	0.8523834791859617	0.8584905660377359	0.8334721065778518	0.705416396204944	0.8334721065778518
407	0.9314157079189078	0.9291368380885076	0.8525976641159887	0.8519671594524063	0.8583690987124464	0.832639467110741	0.7046015404778498	0.832639467110741
408	0.9288616090855125	0.9267670508517304	0.8525976641159887	0.8525984586427587	0.8441879637262985	0.8526228143213989	0.7049743924039455	0.8526228143213989
409	0.9309652902352564	0.9288730957499357	0.8550140958517922	0.8547018150501208	0.8536585365853658	0.8451290591174022	0.7096276237724111	0.8451290591174022
410	0.9288645317669492	0.9259913196757595	0.851389448248087	0.8507445043846716	0.8573883161512027	0.8309741881765196	0.7021724001070093	0.8309741881765196
411	0.9271443713701919	0.9245607987303257	0.8505839710028191	0.8504116434432565	0.8458333333333333	0.8451290591174022	0.7008417219203302	0.8451290591174022
412	0.9291840782707079	0.927294796111243	0.8505839710028191	0.850306426911531	0.8481543624161074	0.8417985012489592	0.7007787542206205	0.8417985012489592
413	0.9314556512318777	0.929881919366908	0.851389448248087	0.851086458112779	0.8495798319327731	0.8417985012489592	0.7023761455760698	0.8417985012489592
414	0.9318693730263783	0.9306180601631503	0.8461538461538461	0.8458321263741474	0.8444070647603028	0.835970024979184	0.6918826452251695	0.835970024979184
415	0.928714500786526	0.9273103736682407	0.8461538461538461	0.8462003842351862	0.8364831552999178	0.8476269775187344	0.6921094830328567	0.8476269775187344
416	0.9293305370849305	0.9274098687327408	0.8429319371727748	0.8425541767715672	0.8421940928270042	0.8309741881765196	0.685396813845568	0.8309741881765196
417	0.9304557694381048	0.9290609986896032	0.8453483689085783	0.8449994869070366	0.8441449031171019	0.8343047460449625	0.6902531649681798	0.8343047460449625
418	0.9289853359330044	0.9271692584083231	0.8477648006443818	0.8473921887766436	0.8472573839662447	0.835970024979184	0.6950769118810891	0.835970024979184
419	0.9284923769973281	0.9268324372745707	0.8441401530406766	0.8434085739782631	0.8514680483592401	0.8209825145711906	0.6875948711930013	0.8209825145711906
420	0.9290204081102462	0.9269399809529442	0.8417237213048732	0.8412526093050383	0.8429541595925297	0.8268109908409659	0.6829183808551158	0.8268109908409659
421	0.9285693409418309	0.9278492957386759	0.8501812323801853	0.8491798955888294	0.8645558487247141	0.8184845961698585	0.6995374376256434	0.8184845961698585
422	0.9315520997192928	0.9308627590015172	0.8505839710028191	0.8499381690504922	0.8565292096219931	0.8301415487094088	0.700558158373172	0.8301415487094088
423	0.9305307849283164	0.9287230402761245	0.8517921868707209	0.8516079943780599	0.8473728106755629	0.8459616985845129	0.7032529856761589	0.8459616985845129
424	0.9296702176163649	0.9289867292069222	0.8473620620217479	0.8471336938406762	0.8436454849498328	0.8401332223147377	0.694358710200428	0.8401332223147377
425	0.93013687241911	0.9276100881643711	0.8457511075312123	0.8450475487795532	0.8525862068965517	0.8234804329725229	0.6908401475532039	0.8234804329725229
426	0.9295848103699337	0.9264051672217412	0.8465565847764801	0.846038013044252	0.8492333901192505	0.8301415487094088	0.6925678958343963	0.8301415487094088
427	0.9271330053868265	0.9245930752279752	0.8409182440596054	0.8402884491732708	0.8456260720411664	0.8209825145711906	0.6812040452080901	0.8209825145711906
428	0.9278386705826269	0.9259653963245797	0.8417237213048732	0.841147392773313	0.8452991452991453	0.8234804329725229	0.6828516019452343	0.8234804329725229
429	0.9267955980520652	0.9252349347014867	0.8393072895690696	0.8387283867707747	0.8427350427350427	0.8209825145711906	0.678009641669589	0.8209825145711906
430	0.926438706174392	0.9246363383612658	0.8360853805879984	0.8357660867633706	0.8336134453781513	0.8259783513738551	0.6717265345513832	0.8259783513738551
431	0.9292032380712382	0.9259102014681935	0.8489730165122835	0.8484044107809274	0.852991452991453	0.8309741881765196	0.6973774827721702	0.8309741881765196
432	0.928796011124375	0.9262160724524742	0.8457511075312123	0.8451001570454159	0.8513745704467354	0.8251457119067444	0.690872707970148	0.8251457119067444
433	0.9296754134944748	0.9273906148228003	0.8433346757954088	0.8426548469099464	0.8493975903614458	0.8218151540383014	0.6860134483885176	0.8218151540383014
434	0.9298238207629886	0.9281956934026925	0.8457511075312123	0.8453105901088667	0.8466101694915255	0.8318068276436303	0.6910028810821718	0.8318068276436303
435	0.9302901508233518	0.9292124593800803	0.8501812323801853	0.8494692410510742	0.8576358930112166	0.8276436303080766	0.6997115048885519	0.8276436303080766
436	0.9274213766219259	0.9250697927601171	0.8449456302859444	0.8443990382429618	0.8481228668941979	0.8276436303080766	0.6893239064482949	0.8276436303080766
437	0.9282325830918331	0.9262728254437934	0.8481675392670157	0.8478874209089928	0.8456375838926175	0.839300582847627	0.6959395966069378	0.839300582847627
438	0.9278760159565416	0.9260849244343308	0.8457511075312123	0.844889723981965	0.8562717770034843	0.8184845961698585	0.6907424251342489	0.8184845961698585
439	0.9278747169870143	0.9250971870357977	0.8461538461538461	0.8457795181082847	0.8455696202531645	0.8343047460449625	0.6918502125359154	0.8343047460449625
440	0.9277935313915471	0.9238598842465903	0.851389448248087	0.8509286333151911	0.8531409168081494	0.8368026644462948	0.7022821438563301	0.8368026644462948
441	0.9295016763201752	0.927705519455918	0.8457511075312123	0.8451527653112786	0.8501712328767124	0.8268109908409659	0.6909052615293508	0.8268109908409659
442	0.9295650010846396	0.9268072493688712	0.846959323399114	0.8465858534424642	0.8464135021097047	0.8351373855120733	0.6934635622085021	0.8351373855120733
443	0.9266637526450267	0.9229616372636046	0.8473620620217479	0.8473178227711956	0.8396694214876033	0.8459616985845129	0.6944712383684519	0.8459616985845129
444	0.9265471701299358	0.9245115777517743	0.8437374144180427	0.8438076823655793	0.8334700574241182	0.8459616985845129	0.6872899505391743	0.8459616985845129
445	0.9294214649518536	0.9276025940796514	0.842529198550141	0.8414802537147281	0.8571428571428571	0.8093255620316403	0.684166266257246	0.8093255620316403
446	0.9266744691436284	0.9243402028425212	0.8441401530406766	0.8439346566368899	0.8397328881469115	0.8376353039134055	0.6879235989751621	0.8376353039134055
447	0.9258980101085807	0.9236817209561998	0.8473620620217479	0.8468443483784314	0.8500851788756388	0.8309741881765196	0.6941817126541632	0.8309741881765196
448	0.9266130928334554	0.9237151335983963	0.8441401530406766	0.8430140119842928	0.8608156028368794	0.8084929225645295	0.6873478705207925	0.8084929225645295
449	0.9264247422519715	0.9235932265172897	0.8465565847764801	0.8457486675820072	0.8559027777777778	0.8209825145711906	0.6923897580635983	0.8209825145711906
450	0.9263058865402076	0.9233644738877999	0.8433346757954088	0.842549630378221	0.8518197573656846	0.8184845961698585	0.6859472934496094	0.8184845961698585
451	0.9273814333089561	0.925827558229545	0.8368908578332662	0.8354676485144334	0.8598553345388789	0.7918401332223147	0.672616092424021	0.7918401332223147
452	0.9248559118051649	0.9227931997815134	0.8437374144180427	0.8430711666435018	0.8495270851246776	0.8226477935054122	0.6868288579150313	0.8226477935054122
453	0.9245607209800466	0.9231760676418174	0.8489730165122835	0.848746364509035	0.8453177257525084	0.8417985012489592	0.6975844757919802	0.8417985012489592
454	0.926608871182491	0.9247355535317209	0.8489730165122835	0.8484307149138588	0.8523890784982935	0.8318068276436303	0.6973934153717158	0.8318068276436303
455	0.9256284739316301	0.9242411989955618	0.8473620620217479	0.8468706525113627	0.8494897959183674	0.8318068276436303	0.6941978118107885	0.8318068276436303
456	0.9233919731477019	0.9204714678497165	0.8433346757954088	0.8424970221123582	0.8530434782608696	0.8168193172356369	0.6859142055252399	0.8168193172356369
457	0.9262552267286361	0.9237051848011473	0.8441401530406766	0.8429350995854988	0.8627450980392157	0.8059950041631974	0.6872984235095421	0.8059950041631974
458	0.9228201018132316	0.9213399310279415	0.8393072895690696	0.8389914281000882	0.8369747899159664	0.829308909242298	0.6781790842407909	0.829308909242298
459	0.9248127210683764	0.9237606869313651	0.8429319371727748	0.8422122230434597	0.8498705780845557	0.8201498751040799	0.6851814164154173	0.8201498751040799
460	0.9244009477281673	0.9217506664864827	0.8477648006443818	0.8472606681119867	0.8502127659574468	0.8318068276436303	0.6949966496146894	0.8318068276436303
461	0.9247165973233433	0.9215823890849298	0.8417237213048732	0.8409369597098622	0.8500866551126517	0.8168193172356369	0.6827179597061606	0.8168193172356369
462	0.9260925307953201	0.9228213042643303	0.8489730165122835	0.8482728901162708	0.8560344827586207	0.8268109908409659	0.6972977946017009	0.8268109908409659
463	0.9245935199606153	0.9206089070082641	0.8441401530406766	0.8436453111746451	0.8460884353741497	0.8284762697751873	0.6877428843556073	0.8284762697751873
464	0.9268836032375518	0.9233593653038332	0.8437374144180427	0.8430974707764332	0.8489270386266095	0.8234804329725229	0.6868453489218735	0.8234804329725229
465	0.9250143860875167	0.9207721126323205	0.842126459927507	0.8416952331715251	0.842506350550381	0.8284762697751873	0.6837501754531892	0.8284762697751873
466	0.9263179020083367	0.9242161916492871	0.8461538461538461	0.84588473464001	0.8432523051131601	0.8376353039134055	0.691915071088077	0.8376353039134055
467	0.9276785725883657	0.9249543744601976	0.8530004027386227	0.8524360874518244	0.8572649572649572	0.8351373855120733	0.7054474165649123	0.8351373855120733
468	0.9276425261839784	0.9239815279178684	0.8449456302859444	0.8443990382429618	0.8481228668941979	0.8276436303080766	0.6893239064482949	0.8276436303080766
469	0.9276892890869672	0.9253210662877153	0.8473620620217479	0.8467128277137747	0.8530927835051546	0.8268109908409659	0.6941011914378226	0.8268109908409659
470	0.9267615001019689	0.9243588224371382	0.8465565847764801	0.8463536626394281	0.842237061769616	0.8401332223147377	0.6927619927895007	0.8401332223147377
471	0.9264737783516336	0.9239896641150513	0.8401127668143374	0.8394295055732288	0.8459552495697074	0.8184845961698585	0.6795561414145026	0.8184845961698585
472	0.9253215923807643	0.9222230908145556	0.8461538461538461	0.8457006057094907	0.8473282442748091	0.8318068276436303	0.691801550697918	0.8318068276436303
473	0.9235657103220015	0.9207614214576771	0.8413209826822392	0.8408362895714829	0.842820730671198	0.8259783513738551	0.682103190334761	0.8259783513738551
474	0.9227431378687287	0.9201071040870277	0.8441401530406766	0.8436190070417138	0.8466780238500852	0.8276436303080766	0.6877264453750954	0.8276436303080766
475	0.9239541022107163	0.9215653881201583	0.842529198550141	0.8421115529050804	0.8426395939086294	0.829308909242298	0.6845652368149586	0.829308909242298
476	0.9248877365585881	0.9210779818093369	0.8445428916633105	0.8439564143764751	0.8485885372112917	0.8259783513738551	0.6884923549746292	0.8259783513738551
477	0.9247357571238738	0.9205717129796231	0.8485702778896497	0.8482248282437542	0.8475147430497051	0.8376353039134055	0.6967062240313426	0.8376353039134055
478	0.9248916334671703	0.9227070626581753	0.8437374144180427	0.8438076823655793	0.8334700574241182	0.8459616985845129	0.6872899505391743	0.8459616985845129
479	0.9246282673954751	0.9204734474522702	0.8461538461538461	0.8454638685131085	0.8527131782945736	0.8243130724396336	0.6916554729263189	0.8243130724396336
480	0.926480273199271	0.9233017380180586	0.8457511075312123	0.8452053735771412	0.8489761092150171	0.8284762697751873	0.6909378082329791	0.8284762697751873
481	0.9242768961382934	0.922291991037697	0.8457511075312123	0.8448371157161024	0.8575174825174825	0.8168193172356369	0.6907098372646594	0.8168193172356369
482	0.9291496555782298	0.9266130021512928	0.8530004027386227	0.852778041179932	0.8494983277591973	0.8459616985845129	0.7056488897708608	0.8459616985845129
483	0.9277691757129071	0.9251155444258184	0.8449456302859444	0.8445831671734813	0.8440134907251264	0.8334721065778518	0.6894383605212093	0.8334721065778518
484	0.9284735419391796	0.9259203711203072	0.8453483689085783	0.8445260125142724	0.8549087749782798	0.8193172356369692	0.6899594643018567	0.8193172356369692
485	0.9265767216866859	0.9240072838109754	0.8433346757954088	0.8430231047709852	0.8411764705882353	0.8334721065778518	0.6862447713525505	0.8334721065778518
486	0.9270446754589584	0.9241580299841659	0.8441401530406766	0.8435137905099884	0.8490566037735849	0.8243130724396336	0.6876606721405845	0.8243130724396336
487	0.9270414280351398	0.9250445425449838	0.8485702778896497	0.8480933075790975	0.8504672897196262	0.8334721065778518	0.6966263948372338	0.8334721065778518
488	0.9260499895432953	0.9226084184615231	0.8481675392670157	0.848203070504169	0.8388157894736842	0.8492922564529559	0.6961314739858968	0.8492922564529559
489	0.9297410114556122	0.9277932009675882	0.8481675392670157	0.8472561217186406	0.8601398601398601	0.8193172356369692	0.6955551139654742	0.8193172356369692
490	0.9287382069804023	0.9276310647938181	0.8461538461538461	0.8455953891777652	0.8497011101622545	0.8284762697751873	0.6917366443349127	0.8284762697751873
491	0.9290031967640071	0.9278962554960355	0.8485702778896497	0.8480406993132348	0.8516624040920716	0.8318068276436303	0.6965944513918318	0.8318068276436303
492	0.9289512379829081	0.926850782247149	0.8445428916633105	0.8440090226423378	0.8473998294970162	0.8276436303080766	0.6885251548862954	0.8276436303080766
493	0.9262350927009604	0.9243882453022318	0.8453483689085783	0.8452099199704874	0.8395677472984207	0.8409658617818485	0.6903835200612043	0.8409658617818485
494	0.9297556248627965	0.9291151972251163	0.8501812323801853	0.8502320609060832	0.8405916187345933	0.8517901748542881	0.700169444210007	0.8517901748542881
495	0.9293889907136668	0.9286639958254133	0.8485702778896497	0.8480933075790975	0.8504672897196262	0.8334721065778518	0.6966263948372338	0.8334721065778518
496	0.9300235373278379	0.9284309063308877	0.8489730165122835	0.8489304934395544	0.8413223140495868	0.8476269775187344	0.6976958163276239	0.8476269775187344
497	0.9313643986225728	0.9305850976659038	0.8493757551349175	0.8487155139827575	0.8555460017196904	0.8284762697751873	0.6981288475778911	0.8284762697751873
498	0.9315264450711251	0.9299998033370251	0.8501812323801853	0.8500742361084952	0.8439834024896266	0.8467943380516236	0.7000748127732419	0.8467943380516236
499	0.9321720329262797	0.9309416667841602	0.8517921868707209	0.851686906776854	0.845643153526971	0.8484596169858452	0.7032998147864329	0.8484596169858452
