Epoch	AUC_dev	PR_AUC	ACC	BACC	PREC	TPR	KAPPA	RECALL
0	0.684030143189884	0.6805015155024843	0.6024969794603302	0.6016774691658394	0.7418111753371869	0.31098546042003233	0.2036874993298321	0.31098546042003233
1	0.7791677209646339	0.7758409193878055	0.7015706806282722	0.7011947628964972	0.7733773377337734	0.5678513731825525	0.4026903724519262	0.5678513731825525
2	0.7993054609390713	0.7911153589264527	0.7233185662505034	0.7230586319429576	0.7725024727992087	0.6308562197092084	0.44634734282128286	0.6308562197092084
3	0.8235014370892293	0.8156463948397975	0.7225130890052356	0.7221078173761282	0.8108720271800679	0.5783521809369951	0.44457402029456505	0.5783521809369951
4	0.8290914871116128	0.8224573850152365	0.7547321788159485	0.7546269082793209	0.7741935483870968	0.7172859450726979	0.5093590717404995	0.7172859450726979
5	0.8322757913722741	0.8236829698437027	0.7442609746274668	0.7441033925686591	0.773841961852861	0.6882067851373183	0.48835871304468603	0.6882067851373183
6	0.8422640481149152	0.838177428846971	0.7555376560612163	0.7553324769189844	0.7979225684608121	0.6825525040387722	0.5108726094619693	0.6825525040387722
7	0.847005469373455	0.843684044822113	0.7591623036649214	0.7590059754364794	0.7903811252268602	0.7035541195476576	0.5181719769942772	0.7035541195476576
8	0.8503224529783107	0.84713841518762	0.761578735400725	0.7613860936476115	0.8018691588785046	0.6930533117932148	0.5229716976845921	0.6930533117932148
9	0.8539518331808656	0.8514574226697638	0.7704389850986709	0.7702736633123772	0.8053016453382084	0.7116316639741519	0.540724140482319	0.7116316639741519
10	0.8570965607178309	0.8540429513689047	0.7712444623439387	0.7709905859301504	0.8297244094488189	0.6809369951534734	0.542254531386215	0.6809369951534734
11	0.8648707917291136	0.8615736230338225	0.778896496173983	0.7788027716682562	0.797752808988764	0.7455573505654282	0.5577081250711782	0.7455573505654282
12	0.8665226333443631	0.8644035556451068	0.7805074506645188	0.7803592398673855	0.8124436429215509	0.7277867528271406	0.5608827806057468	0.7277867528271406
13	0.8658400970602929	0.8630458368243606	0.7809101892871526	0.7807994498186608	0.8038528896672504	0.7415185783521809	0.5617213528586465	0.7415185783521809
14	0.8722109763772375	0.8693207951025193	0.7825211437776883	0.7823967923389843	0.8088495575221238	0.7382875605815832	0.5649321319824626	0.7382875605815832
15	0.8731481661703356	0.8684320341116254	0.78372935964559	0.783524404564948	0.8309726156751652	0.7108239095315024	0.5672793925553172	0.7108239095315024
16	0.8788329408100901	0.8747296186320639	0.7950060410793395	0.7948488623313934	0.8310626702997275	0.7390953150242326	0.589881236125583	0.7390953150242326
17	0.8807196475725195	0.8754082127391468	0.8002416431735804	0.8001855564422471	0.8117647058823529	0.7802907915993538	0.6004365593825878	0.7802907915993538
18	0.8829547592632241	0.8772703628997288	0.7986306886830447	0.7985473396007292	0.8164665523156089	0.7689822294022617	0.597192318524027	0.7689822294022617
19	0.8846825103321201	0.8805986612504966	0.7978252114377768	0.7976918984500199	0.8279857397504456	0.7504038772213247	0.5955406696328909	0.7504038772213247
20	0.8872413725986337	0.881820431932932	0.8026580749093838	0.8025792994271107	0.8196581196581196	0.7746365105008077	0.6052520583074639	0.7746365105008077
21	0.891219157729464	0.8868406941190997	0.8099073701167941	0.8098263814547366	0.8279109589041096	0.7810985460420032	0.6197512759033525	0.7810985460420032
22	0.8901161998559667	0.8863090022850826	0.8115183246073299	0.8114691398874982	0.8219063545150501	0.7940226171243941	0.6229976971936129	0.7940226171243941
23	0.8882262490997916	0.882887729042114	0.8074909383809907	0.8074212844917634	0.8225806451612904	0.7827140549273021	0.6149263513075076	0.7827140549273021
24	0.8933550032115538	0.8883449435762517	0.8095046314941603	0.8094066086640586	0.8317432784041631	0.7746365105008077	0.6189326822462504	0.7746365105008077
25	0.8973178659711545	0.8923350216213932	0.8103101087394281	0.8102279878804394	0.8286203941730934	0.7810985460420032	0.6205560258302476	0.7810985460420032
26	0.9009968792780167	0.8972390373208854	0.8143374949657672	0.814255406115577	0.8329048843187661	0.7851373182552503	0.6286121611629387	0.7851373182552503
27	0.8979871018808676	0.8937513056604343	0.8127265404752316	0.8126217308653029	0.8369659982563208	0.7754442649434572	0.625372690245209	0.7754442649434572
28	0.9050139167331686	0.9003264330619428	0.8215867901731776	0.8215183837125561	0.8371501272264631	0.7972536348949919	0.6431229310685492	0.7972536348949919
29	0.9049224361095431	0.9003273932518449	0.8183648811921064	0.8182487624163861	0.8460861917326298	0.777059773828756	0.6366435392562997	0.777059773828756
30	0.9053289085258645	0.9015824941839938	0.8264196536447845	0.826362639572831	0.8393608074011775	0.8061389337641357	0.6527979153074173	0.8061389337641357
31	0.9043560348015649	0.9002500591506714	0.8256141763995167	0.825518552400231	0.8484848484848485	0.7915993537964459	0.6511598328249577	0.7915993537964459
32	0.9086669780900662	0.904796949683898	0.8352799033427306	0.8352320428726214	0.8462823725981621	0.8182552504038773	0.670526513520765	0.8182552504038773
33	0.9066910614996334	0.9027456251848673	0.8292388240032219	0.829187509326482	0.8408710217755444	0.8109854604200323	0.6584408067710212	0.8109854604200323
34	0.9051433520836172	0.9012600746828858	0.8260169150221506	0.8259405959865309	0.8438566552901023	0.7988691437802908	0.6519789056888063	0.7988691437802908
35	0.9084038901972997	0.9053358716108365	0.8296415626258559	0.8295073671097962	0.863514719000892	0.7819063004846527	0.6591898698196281	0.7819063004846527
36	0.9064808507049198	0.9031219633462247	0.8252114377768828	0.8251305707482596	0.8441780821917808	0.7964458804523424	0.6503645206399471	0.7964458804523424
37	0.9100836301587609	0.9060461297597366	0.8348771647200967	0.8348236240600528	0.8473154362416108	0.815831987075929	0.6697172045013169	0.815831987075929
38	0.9101725155873899	0.9064017518599448	0.8304470398711237	0.830378703829859	0.8464800678541137	0.8061389337641357	0.6608459457784632	0.8061389337641357
39	0.9110412571124562	0.9070476363622952	0.828836085380588	0.8287586533533163	0.8471391972672929	0.8012924071082391	0.6576173587861205	0.8012924071082391
40	0.9114856842556008	0.9080636934397646	0.8356826419653645	0.8356109413421051	0.8528911564625851	0.8101777059773829	0.6713163968689755	0.8101777059773829
41	0.9099674951826693	0.9063141010186697	0.8336689488521949	0.8336483251260292	0.8378378378378378	0.8263327948303716	0.667322411249826	0.8263327948303716
42	0.9165781056374123	0.913369106323469	0.8405155054369714	0.8404847175454646	0.8473597359735974	0.8295638126009693	0.6810096423675026	0.8295638126009693
43	0.9155864167493885	0.9112769687590392	0.8481675392670157	0.8481220520206837	0.8590492076730609	0.8319870759289176	0.6963057695969986	0.8319870759289176
44	0.9137376647137824	0.910203504250465	0.8405155054369714	0.8404597387936237	0.853781512605042	0.8206785137318255	0.6809937046683563	0.8206785137318255
45	0.9150599165644808	0.9119956590560518	0.8393072895690696	0.8392640026990028	0.8492922564529559	0.8239095315024233	0.6785850197300056	0.8239095315024233
46	0.9146051086413506	0.9125517685531133	0.8433346757954088	0.8432550882041899	0.863130881094953	0.8150242326332795	0.6866177590418596	0.8150242326332795
47	0.9164807858250448	0.914483460895794	0.8534031413612565	0.8533520187373078	0.8659966499162479	0.8352180936995154	0.7067746548694616	0.8352180936995154
48	0.9192680252512473	0.9172773722509406	0.8489730165122835	0.8489139108939798	0.8635214827295703	0.8279483037156704	0.6979086469908635	0.8279483037156704
49	0.9181478742108985	0.9156075844859006	0.8445428916633105	0.8444894278243831	0.8573825503355704	0.8255250403877221	0.6890508315548983	0.8255250403877221
50	0.9157713243928867	0.913239750972537	0.8433346757954088	0.8433368368465786	0.8420628525382756	0.8441033925686591	0.6866689958383088	0.8441033925686591
51	0.9163815196164302	0.9129360816468644	0.8441401530406766	0.844074196624949	0.8602878916172735	0.8206785137318255	0.6882374755087322	0.8206785137318255
52	0.9190873347996185	0.9162305951199456	0.8481675392670157	0.8481288644075494	0.8572614107883817	0.8344103392568659	0.6963099076722633	0.8344103392568659
53	0.9174316003918744	0.9145793799464464	0.8477648006443818	0.8477386119599561	0.8536184210526315	0.8384491114701131	0.6955119699617125	0.8384491114701131
54	0.9156804925680102	0.9132134859461357	0.842126459927507	0.8420548105183253	0.8596938775510204	0.8166397415185783	0.6842059499329372	0.8166397415185783
55	0.9175127002355139	0.9139706340832068	0.8413209826822392	0.8412357020975663	0.8625429553264605	0.8109854604200323	0.6825861051970377	0.8109854604200323
56	0.9176495967715775	0.9148842442808063	0.8445428916633105	0.8445212189630898	0.8491803278688524	0.8368336025848142	0.6890706032193412	0.8368336025848142
57	0.9194029753910635	0.9167877635995184	0.8493757551349175	0.8493404960715236	0.8576158940397351	0.8368336025848142	0.6987285922378919	0.8368336025848142
58	0.9201860754812465	0.9162996502726365	0.8489730165122835	0.8489025569158704	0.8666100254885302	0.8239095315024233	0.6979017861632935	0.8239095315024233
59	0.9202100810349637	0.916794404769698	0.8505839710028191	0.8505612109179854	0.8556193601312552	0.8424878836833603	0.7011526731499598	0.8424878836833603
60	0.9206094166650447	0.9177782840070909	0.8461538461538461	0.8460595207972439	0.870242214532872	0.8126009693053312	0.6922479417893179	0.8126009693053312
61	0.9203719563228683	0.9166757945746425	0.8445428916633105	0.8444894278243831	0.8573825503355704	0.8255250403877221	0.6890508315548983	0.8255250403877221
62	0.920549727180126	0.9178237884510948	0.842529198550141	0.8424791249002472	0.8543933054393306	0.8247172859450727	0.6850251385401706	0.8247172859450727
63	0.9176343500009733	0.9155474582520556	0.8401127668143374	0.8400558615722988	0.8536585365853658	0.8198707592891761	0.6801874069072962	0.8198707592891761
64	0.9203145376335714	0.9183814634225924	0.8457511075312123	0.8456897055102478	0.8607594936708861	0.8239095315024233	0.6914626300470857	0.8239095315024233
65	0.9206499665868644	0.9185429756968022	0.8481675392670157	0.8481152396338181	0.8608549874266554	0.8295638126009693	0.6963016314089618	0.8295638126009693
66	0.9197958230336531	0.9171095955129298	0.846959323399114	0.8469081495610877	0.8592964824120602	0.8287560581583199	0.6938856287098776	0.8287560581583199
67	0.9220335299193543	0.9188493731360471	0.8453483689085783	0.8452744743108135	0.8637137989778535	0.8190630048465266	0.6906493213227556	0.8190630048465266
68	0.9224935282324775	0.9173712009008176	0.8473620620217479	0.847343817921119	0.8511856091578087	0.8408723747980614	0.6947112990528838	0.8408723747980614
69	0.9219718940381884	0.9184361044945833	0.8481675392670157	0.8481038856557084	0.863905325443787	0.8255250403877221	0.696294734178283	0.8255250403877221
70	0.9201873730787447	0.9160079138962015	0.8461538461538461	0.8460867703447068	0.8627118644067797	0.8222940226171244	0.6922647162072458	0.8222940226171244
71	0.9186341488733609	0.9149632464051577	0.8437374144180427	0.8436816733817337	0.8571428571428571	0.8239095315024233	0.6874382762912179	0.8239095315024233
72	0.9208738021553095	0.9187150667654841	0.8477648006443818	0.8477363411643343	0.8542009884678748	0.8376413570274637	0.6955105870261726	0.8376413570274637
73	0.921895011386418	0.9194222050605827	0.8477648006443818	0.8477749446899067	0.844551282051282	0.851373182552504	0.6955340952220301	0.851373182552504
74	0.9194344421303956	0.916142613949379	0.8457511075312123	0.8457283090358202	0.8506972928630024	0.8376413570274637	0.6914864523354032	0.8376413570274637
75	0.9232120728471237	0.9216911945285814	0.8497784937575513	0.8497648104534454	0.8524857375713122	0.8449111470113085	0.699547094720171	0.8449111470113085
76	0.9242329576788575	0.921071350728751	0.8477648006443818	0.8477635907117971	0.8473344103392568	0.8473344103392568	0.6955271814235942	0.8473344103392568
77	0.920783943528557	0.9185257014616196	0.8433346757954088	0.843277796160409	0.8570227081581161	0.8231017770597738	0.6866319931660911	0.8231017770597738
78	0.9222829930383896	0.9203979242679621	0.8441401530406766	0.8440900921943022	0.8560669456066946	0.8263327948303716	0.688247387762266	0.8263327948303716
79	0.9229000006487986	0.9202383747019519	0.8429319371727748	0.8428898145084376	0.8527454242928453	0.8279483037156704	0.6858356951538558	0.8279483037156704
80	0.9214071147270828	0.9187691259512327	0.8413209826822392	0.8412833888056264	0.8499170812603648	0.8279483037156704	0.6826163802444591	0.8279483037156704
81	0.9216361406855208	0.9180428372740665	0.8405155054369714	0.8404847175454646	0.8473597359735974	0.8295638126009693	0.6810096423675026	0.8295638126009693
82	0.9244185141211049	0.9204065409040529	0.8521949254933548	0.852181261394528	0.8549307253463733	0.8473344103392568	0.7043801173252084	0.8473344103392568
83	0.922664162303495	0.9192253102912091	0.8417237213048732	0.8416781828444635	0.8523769808173478	0.8255250403877221	0.6834168897920967	0.8255250403877221
84	0.9238968799268156	0.921022106039512	0.8505839710028191	0.8505634817136073	0.855036855036855	0.8432956381260097	0.701154030444759	0.8432956381260097
85	0.9255639683126691	0.9221788694342219	0.8493757551349175	0.8493041633415731	0.8673469387755102	0.8239095315024233	0.6987066971298942	0.8239095315024233
86	0.92410644192278	0.9217002593389255	0.8493757551349175	0.8493404960715236	0.8576158940397351	0.8368336025848142	0.6987285922378919	0.8368336025848142
87	0.9230171088230142	0.9202955389683377	0.8461538461538461	0.8461276446659011	0.8519736842105263	0.8368336025848142	0.6922898744057517	0.8368336025848142
88	0.9224237823669477	0.9198795713059867	0.8489730165122835	0.8489388896458208	0.8569065343258891	0.8368336025848142	0.697923739714646	0.8368336025848142
89	0.9228555579344844	0.9198966351296775	0.8405155054369714	0.8404983423191961	0.8439542483660131	0.8344103392568659	0.6810183349867414	0.8344103392568659
90	0.9225584081073893	0.9195844618394456	0.8461538461538461	0.8461389986440107	0.8491027732463295	0.8408723747980614	0.6922968620642225	0.8408723747980614
91	0.9219362101069869	0.9189415024743631	0.8449456302859444	0.8449455333450118	0.8442292171105731	0.8449111470113085	0.6898895000919669	0.8449111470113085
92	0.9233350202100811	0.9196731066678433	0.8517921868707209	0.8517637593994718	0.8583196046128501	0.8416801292407108	0.7035658625016707	0.8416801292407108
93	0.9205494027807514	0.9173572224036607	0.8477648006443818	0.847813548215479	0.8354134165366615	0.8651050080775444	0.6955575997882533	0.8651050080775444
94	0.922742666952138	0.9209116874522333	0.8489730165122835	0.8489615976020398	0.8510984540276648	0.8449111470113085	0.6979374590640173	0.8449111470113085
95	0.9225681400886259	0.9194980147032581	0.8473620620217479	0.8473665258773382	0.8455349959774738	0.8489499192245558	0.6947251638603736	0.8489499192245558
96	0.9254549701228175	0.9211369850784779	0.8501812323801853	0.8501573336966606	0.8555008210180624	0.8416801292407108	0.700346474267473	0.8416801292407108
97	0.9229240062025159	0.9207904499945234	0.846959323399114	0.846949023882282	0.848780487804878	0.8432956381260097	0.6939106535987574	0.8432956381260097
98	0.9244165677248574	0.9218720522994992	0.8493757551349175	0.8493563916408768	0.853518821603928	0.8424878836833603	0.6987381703470031	0.8424878836833603
99	0.9243085427331295	0.9216866532355853	0.8501812323801853	0.8501482505141731	0.8578512396694215	0.8384491114701131	0.7003410303060189	0.8384491114701131
100	0.9216277063017821	0.9184907278989884	0.8465565847764801	0.8465247095003601	0.8538398018166804	0.8352180936995154	0.6930919134929541	0.8352180936995154
101	0.9242556656350766	0.9218357198842434	0.8517921868707209	0.8517569470126061	0.8600993377483444	0.8392568659127625	0.7035618233784604	0.8392568659127625
102	0.9240055537172924	0.9196248910178758	0.8445428916633105	0.8445053233937365	0.8532338308457711	0.8311793214862682	0.6890607177014245	0.8311793214862682
103	0.9226670818978662	0.9188847448019923	0.842126459927507	0.8421070388176292	0.8461538461538461	0.8352180936995154	0.6842389379038107	0.8352180936995154
104	0.9251516567076058	0.922000059147462	0.8521949254933548	0.8521699074164185	0.8578471651602301	0.8432956381260097	0.7043734040817227	0.8432956381260097
105	0.9268515094302898	0.9243770677043746	0.8489730165122835	0.8489729515801494	0.8482647296206618	0.8489499192245558	0.6979443182713965	0.8489499192245558
106	0.9263937819127884	0.9232677648240208	0.8542086186065244	0.854166585566823	0.8643926788685524	0.8392568659127625	0.7083910811428097	0.8392568659127625
107	0.925467297299051	0.9229512049954376	0.8521949254933548	0.8521494702558213	0.8632193494578816	0.8360258481421647	0.7043613194750624	0.8360258481421647
108	0.9252227001706341	0.9213858931695469	0.8485702778896497	0.8485327416288742	0.857379767827529	0.8352180936995154	0.6971161395226311	0.8352180936995154
109	0.9254121494053759	0.922382930103081	0.8534031413612565	0.8533701851022831	0.8611570247933884	0.8416801292407108	0.7067853092241689	0.8416801292407108
110	0.9256729665025205	0.9216351010160743	0.8530004027386227	0.8529867450415556	0.8557457212713936	0.8481421647819063	0.705991124860221	0.8481421647819063
111	0.9229272501962615	0.9191820617971077	0.8485702778896497	0.8485577203807151	0.8509771986970684	0.8441033925686591	0.6971312711878153	0.8441033925686591
112	0.9246258053214473	0.9197446617588253	0.8566250503423278	0.8566057444641246	0.8608837970540099	0.8497576736672051	0.7132374027901955	0.8497576736672051
113	0.9240402644503701	0.9195736024116783	0.8517921868707209	0.85176148860385	0.8589108910891089	0.8408723747980614	0.7035645161394974	0.8408723747980614
114	0.9264567153914528	0.9214315963217443	0.8501812323801853	0.8501459797185511	0.8584437086092715	0.8376413570274637	0.7003396692847479	0.8376413570274637
115	0.9257200044118316	0.9199916170217673	0.8525976641159887	0.852578326228987	0.8567921440261865	0.845718901453958	0.7051822736550887	0.845718901453958
116	0.9262325554236331	0.9227701579683777	0.8485702778896497	0.8485259292420084	0.8591666666666666	0.8327948303715671	0.6971120124424385	0.8327948303715671
117	0.9233810849212682	0.9183776366912134	0.8441401530406766	0.8441014461724118	0.8531120331950207	0.8303715670436187	0.6882544675574692	0.8303715670436187
118	0.9239153706911654	0.9194047357415696	0.8538058799838905	0.8537740623236079	0.861271676300578	0.8424878836833603	0.7075915081310822	0.8424878836833603
119	0.9251539275032279	0.9201157777557119	0.8489730165122835	0.8489252648720893	0.860484544695071	0.8319870759289176	0.6979155075068139	0.8319870759289176
120	0.9236480656065295	0.9191838774362391	0.8517921868707209	0.8517796549688252	0.8542345276872965	0.8473344103392568	0.7035752866944576	0.8473344103392568
121	0.9261277744256509	0.9204519889121595	0.8546113572291583	0.8545863583575011	0.8603122432210353	0.845718901453958	0.7092065364400597	0.845718901453958
122	0.9223468997151772	0.9180938603550803	0.846959323399114	0.8469740026341229	0.8426517571884984	0.8521809369951535	0.6939259445722898	0.8521809369951535
123	0.9246433228876734	0.9206604000419962	0.8505839710028191	0.8505430445530101	0.8603491271820449	0.8360258481421647	0.7011418143477026	0.8360258481421647
124	0.9267668411935301	0.922075604735816	0.8542086186065244	0.8541552315887135	0.8674496644295302	0.8352180936995154	0.7083844586084798	0.8352180936995154
125	0.924240743263847	0.920118622408673	0.8538058799838905	0.8537649791411202	0.8636741479634248	0.8392568659127625	0.7075861957094772	0.8392568659127625
126	0.9258916116809727	0.9213737248621968	0.8517921868707209	0.8517637593994718	0.8583196046128501	0.8416801292407108	0.7035658625016707	0.8416801292407108
127	0.923648390005904	0.9215513834368677	0.8485702778896497	0.8485282000376303	0.8585690515806988	0.8336025848142165	0.6971133881483327	0.8336025848142165
128	0.9249583146803693	0.9214071410797826	0.8570277889649618	0.857020975663559	0.8580697485806975	0.8546042003231018	0.7140500586358527	0.8546042003231018
129	0.9234985174948583	0.9205411737061998	0.8534031413612565	0.8533633727154174	0.8629568106312292	0.8392568659127625	0.7067813139318877	0.8392568659127625
130	0.9244451148698184	0.9214448750286696	0.8505839710028191	0.850522607392413	0.8658227848101265	0.8287560581583199	0.7011295972518767	0.8287560581583199
131	0.9265190000713678	0.9228585134374462	0.851389448248087	0.8513530697912814	0.859983429991715	0.8384491114701131	0.702755609827787	0.8384491114701131
132	0.9257213020093298	0.9216537833265032	0.851389448248087	0.8513576113825252	0.8587943848059455	0.840064620355412	0.7027583099183728	0.840064620355412
133	0.9280371891442993	0.9248232767077488	0.8550140958517922	0.8549652568269849	0.867056856187291	0.8376413570274637	0.7099982286104713	0.8376413570274637
134	0.924406511344246	0.9204811771516599	0.851389448248087	0.8513235494481967	0.8679085520745131	0.8279483037156704	0.7027380580432097	0.8279483037156704
135	0.9248914884092103	0.9195776464753839	0.8505839710028191	0.8505430445530101	0.8603491271820449	0.8360258481421647	0.7011418143477026	0.8360258481421647
136	0.9240474012366104	0.9209816428911922	0.8501812323801853	0.8501255425579539	0.8638655462184874	0.8303715670436187	0.7003274195369409	0.8303715670436187
137	0.9263872939252973	0.9224594906366952	0.8562223117196939	0.8561678053084714	0.869857262804366	0.8368336025848142	0.7124116444553743	0.8368336025848142
138	0.9242219281001225	0.9205263208325911	0.8509867096254531	0.8509491925699567	0.8598673300165838	0.8376413570274637	0.701949392615355	0.8376413570274637
139	0.9244743108135287	0.9201069614176915	0.8461538461538461	0.846107207505304	0.8572621035058431	0.8295638126009693	0.6922772958207077	0.8295638126009693
140	0.9213652672077648	0.9157583763909483	0.8485702778896497	0.848514575263899	0.8621848739495799	0.8287560581583199	0.6971051337255101	0.8287560581583199
141	0.9262812153298169	0.9215863255015011	0.8521949254933548	0.8521313038908461	0.8681318681318682	0.8295638126009693	0.7043505767730235	0.8295638126009693
142	0.9253534331185811	0.9218733222986926	0.8465565847764801	0.8464883767704096	0.8634435962680237	0.8222940226171244	0.6930696088873979	0.8222940226171244
143	0.9215543920431323	0.9182629391566993	0.8461538461538461	0.8460708747753534	0.8670668953687821	0.8166397415185783	0.6922549313523566	0.8166397415185783
144	0.9219452932894745	0.9181743365191479	0.851389448248087	0.8513712361562566	0.8552739165985282	0.8449111470113085	0.7027664098958155	0.8449111470113085
145	0.9255312039758387	0.9230971600171495	0.8489730165122835	0.8489502436239302	0.8539786710418376	0.8408723747980614	0.6979305995451076	0.8408723747980614
146	0.9231043722547704	0.9193503418834641	0.8441401530406766	0.8440923629899242	0.8554720133667502	0.827140549273021	0.6882488037470319	0.827140549273021
147	0.9221165761592411	0.9184876411224993	0.8449456302859444	0.8449069298194394	0.8539419087136929	0.8311793214862682	0.6898655555804281	0.8311793214862682
148	0.9246663552432671	0.9201390536025186	0.8525976641159887	0.852603304980828	0.8504823151125402	0.8546042003231018	0.7051970018120702	0.8546042003231018
149	0.9231867696959081	0.9185814808422202	0.8481675392670157	0.8481175104294398	0.8602510460251046	0.8303715670436187	0.6963030108175046	0.8303715670436187
150	0.9243912645736418	0.9204835795487624	0.8546113572291583	0.8545908999487448	0.8591318591318591	0.8473344103392568	0.7092091778721239	0.8473344103392568
151	0.9266808753592722	0.9236005635198818	0.8509867096254531	0.8509560049568224	0.858085808580858	0.840064620355412	0.7019534537272121	0.840064620355412
152	0.9274059079614094	0.9227321625549865	0.8501812323801853	0.8501641460835263	0.8537581699346405	0.8441033925686591	0.700350557108757	0.8441033925686591
153	0.9267603532060391	0.9212268007117939	0.851389448248087	0.85133944501755	0.8635983263598327	0.8336025848142165	0.7027475092616955	0.8336025848142165
154	0.9262906229116791	0.9205853098677987	0.8554168344744261	0.8553759464351753	0.8653366583541147	0.8408723747980614	0.7108083863903645	0.8408723747980614
155	0.9289133918549805	0.9236950635838829	0.8534031413612565	0.8533656435110393	0.8623548922056384	0.840064620355412	0.706782645708079	0.840064620355412
156	0.9260002854714496	0.9214382840204132	0.8509867096254531	0.8509537341612006	0.8586776859504133	0.8392568659127625	0.7019521000355564	0.8392568659127625
157	0.9266101562956188	0.9220425489653753	0.851389448248087	0.8513803193387444	0.8529650690495532	0.8481421647819063	0.7027718096355282	0.8481421647819063
158	0.9258669573285062	0.9211528814191369	0.8465565847764801	0.8465201679091163	0.8550124275062138	0.8336025848142165	0.6930891255945443	0.8336025848142165
159	0.9255529387339341	0.9208308636546961	0.846959323399114	0.8468945247873563	0.8629441624365483	0.8239095315024233	0.6938772861709128	0.8239095315024233
160	0.9243559050418152	0.9195416782778573	0.8457511075312123	0.8457260382401983	0.8512736236647493	0.8368336025848142	0.6914850511261574	0.8368336025848142
161	0.9230703103204416	0.9194861624447596	0.8453483689085783	0.8453539521575802	0.8432475884244373	0.8473344103392568	0.6906984937044671	0.8473344103392568
162	0.92165884864174	0.9163607138350633	0.8465565847764801	0.8465292510916038	0.8526748971193415	0.8368336025848142	0.6930947013407154	0.8368336025848142
163	0.9220620770643155	0.9189982841476119	0.8485702778896497	0.8485077628770332	0.8640202702702703	0.8263327948303716	0.6971010063453811	0.8263327948303716
164	0.9280177251818259	0.923518433146056	0.8550140958517922	0.854938007279522	0.8745733788395904	0.8279483037156704	0.7099824214073387	0.8279483037156704
165	0.9246715456332599	0.9202359475659221	0.8509867096254531	0.8509423801830911	0.8616666666666667	0.8352180936995154	0.7019453313928251	0.8352180936995154
166	0.9235439334072963	0.9203691068782629	0.8489730165122835	0.8488980153246264	0.8678601875532822	0.8222940226171244	0.6978990417450072	0.8222940226171244
167	0.9244713912191577	0.920810201884736	0.8505839710028191	0.8505566693267416	0.8567901234567902	0.8408723747980614	0.7011499585233737	0.8408723747980614
168	0.9255934886557539	0.9220364270917929	0.8449456302859444	0.8448524307245135	0.8686257562662058	0.8117932148626817	0.6898317452684948	0.8117932148626817
169	0.9252275661612526	0.9221245278344313	0.8501812323801853	0.8501755000616359	0.8508914100486223	0.8481421647819063	0.7003573615969938	0.8481421647819063
170	0.9247766510306168	0.92179011062639	0.8485702778896497	0.8485282000376303	0.8585690515806988	0.8336025848142165	0.6971133881483327	0.8336025848142165
171	0.9256466901531815	0.9232234776696746	0.8554168344744261	0.8554213623476135	0.8535800482703138	0.8570274636510501	0.710834653894127	0.8570274636510501
172	0.9244577664454263	0.9212062989205791	0.8562223117196939	0.8561905132646904	0.8637489677952106	0.8449111470113085	0.7124247063437916	0.8449111470113085
173	0.9259321616027925	0.9238408908224933	0.8497784937575513	0.8497738936359331	0.8502024291497976	0.8481421647819063	0.6995525528944894	0.8481421647819063
174	0.9244318144954616	0.9214147620340831	0.846959323399114	0.8469308575173067	0.8533772652388797	0.8368336025848142	0.693899531931073	0.8368336025848142
175	0.9264949945176505	0.9227763156244686	0.8497784937575513	0.8497080405628978	0.8674596431605778	0.8247172859450727	0.6995129766370892	0.8247172859450727
176	0.9275658368530665	0.9257092033555625	0.851389448248087	0.8513258202438185	0.8672865595942519	0.8287560581583199	0.7027394082540754	0.8287560581583199
177	0.925381980263542	0.9214943488709644	0.8489730165122835	0.8489457020326865	0.8551440329218107	0.8392568659127625	0.6979278556503103	0.8392568659127625
178	0.9247455086906591	0.9213465128302768	0.8461538461538461	0.84610266591406	0.8584589614740369	0.8279483037156704	0.6922745004399296	0.8279483037156704
179	0.9232668963414237	0.9209394743514532	0.8449456302859444	0.8449046590238174	0.8545303408146301	0.8303715670436187	0.6898641469645971	0.8303715670436187
180	0.9227092538165587	0.9196208626247165	0.8473620620217479	0.8473188391692781	0.8576186511240633	0.8319870759289176	0.6946960463099552	0.8319870759289176
181	0.9235945397097275	0.9202868674218487	0.8538058799838905	0.8537627083454984	0.8642797668609492	0.8384491114701131	0.7075848675739149	0.8384491114701131
182	0.9223955596213611	0.9194034780619563	0.842529198550141	0.8424450629659186	0.863519313304721	0.8126009693053312	0.685003677676552	0.8126009693053312
183	0.923483270724254	0.9212891775439388	0.8473620620217479	0.8473324639430095	0.854080791426216	0.8368336025848142	0.6947043661768499	0.8368336025848142
184	0.9250504441027437	0.9236068974300107	0.8562223117196939	0.856224575199019	0.854955680902498	0.8570274636510501	0.712444296951867	0.8570274636510501
185	0.9235536653885332	0.9206517316092647	0.8441401530406766	0.8440946337855461	0.8548790658882403	0.8279483037156704	0.688250219718935	0.8279483037156704
186	0.9240139881010309	0.9210319649263865	0.8461538461538461	0.8461412694396325	0.8485342019543974	0.8416801292407108	0.6922982595578336	0.8416801292407108
187	0.9237304630476671	0.9211330438149695	0.8489730165122835	0.8489661391932837	0.8499594484995945	0.8465266558966075	0.6979402027843514	0.8465266558966075
188	0.9254913028527681	0.9218645708281071	0.8521949254933548	0.8521948861682596	0.8514931396287329	0.8521809369951535	0.7043881728149399	0.8521809369951535
189	0.9235802661372469	0.9195983311860981	0.8457511075312123	0.8457124134664669	0.8547717842323651	0.8319870759289176	0.6914766436033869	0.8319870759289176
190	0.9251409515282455	0.9216846771132918	0.8521949254933548	0.8521676366207966	0.8584362139917695	0.8424878836833603	0.704372061396437	0.8424878836833603
191	0.921989736003789	0.9201730401524685	0.846959323399114	0.846901337174222	0.8611111111111112	0.8263327948303716	0.6938814574972342	0.8263327948303716
192	0.9233262614269679	0.9211648651718494	0.8473620620217479	0.8473619842860942	0.8466505246166263	0.8473344103392568	0.6947223909996247	0.8473344103392568
193	0.924332548286847	0.9199489306225898	0.8477648006443818	0.8477545075293095	0.8495934959349594	0.8441033925686591	0.695521650158764	0.8441033925686591
194	0.9234751607398901	0.9196251926235176	0.8413209826822392	0.841244785280054	0.8600682593856656	0.81421647819063	0.6825918723180318	0.81421647819063
195	0.9224374071406791	0.9178538245468597	0.8465565847764801	0.8465178971134943	0.8556016597510373	0.8327948303715671	0.6930877316263457	0.8327948303715671
196	0.9220701870486794	0.9173515626837191	0.8517921868707209	0.8517796549688252	0.8542345276872965	0.8473344103392568	0.7035752866944576	0.8473344103392568
197	0.9228380403682581	0.9183171573392439	0.8525976641159887	0.8525692430464994	0.8591433278418451	0.8424878836833603	0.7051769175967704	0.8424878836833603
198	0.9232237512246075	0.9186882217183729	0.8485702778896497	0.8485622619719589	0.8498376623376623	0.845718901453958	0.6971340222372313	0.845718901453958
199	0.9227160662034244	0.9187964604483072	0.8441401530406766	0.8441286957198746	0.8462164361269324	0.840064620355412	0.6882714577540658	0.840064620355412
200	0.922987264080555	0.9189725188226049	0.8505839710028191	0.8505657525092292	0.8544562551103843	0.8441033925686591	0.7011553877272292	0.8441033925686591
201	0.9221882684210185	0.9190994191704689	0.8497784937575513	0.8497193945410073	0.8643639427127211	0.8287560581583199	0.6995198008735789	0.8287560581583199
202	0.9238235656681654	0.9204285281005956	0.846959323399114	0.8469649194516353	0.844855305466238	0.8489499192245558	0.6939203843950457	0.8489499192245558
203	0.9247228007344402	0.9210818596842615	0.8457511075312123	0.8457033302839791	0.8571428571428571	0.8287560581583199	0.6914710383336259	0.8287560581583199
204	0.9247581602662669	0.9207714121065435	0.8441401530406766	0.8441059877636556	0.8519437551695617	0.8319870759289176	0.6882572993855147	0.8319870759289176
205	0.9237051598964515	0.9201278599095769	0.8521949254933548	0.8521903445770156	0.8526315789473684	0.8505654281098546	0.7043854877004762	0.8505654281098546
206	0.9244522516560588	0.9207828572875515	0.8546113572291583	0.8546090663137201	0.8544866612772838	0.8537964458804523	0.7092197431205279	0.8537964458804523
207	0.9247386963037936	0.9214118882927068	0.8542086186065244	0.8541779395449326	0.8613861386138614	0.8432956381260097	0.7083977033763534	0.8432956381260097
208	0.926505050898262	0.9218716347384561	0.8505839710028191	0.8505021702318158	0.87146529562982	0.821486268174475	0.7011173791571589	0.821486268174475
209	0.9237067818933246	0.9218371738200575	0.8521949254933548	0.852203969350747	0.8492381716118684	0.8554119547657512	0.7043935428975343	0.8554119547657512
210	0.9229956984642934	0.9203695678186501	0.8485702778896497	0.8484918673076798	0.8683760683760684	0.8206785137318255	0.6970913753542989	0.8206785137318255
211	0.9259130220396935	0.9229021431095177	0.8562223117196939	0.8561791592865808	0.8667776852622814	0.8408723747980614	0.7124181755478998	0.8408723747980614
212	0.9230891254841661	0.9195537478082076	0.8481675392670157	0.8481311352031713	0.8566694283347142	0.8352180936995154	0.6963112870056252	0.8352180936995154
213	0.9236710979621232	0.9214831142800644	0.8517921868707209	0.8517501346257405	0.8618968386023295	0.8368336025848142	0.7035577841451767	0.8368336025848142
214	0.9256937280624922	0.9227953665945163	0.8530004027386227	0.8529481415159832	0.8658843252305113	0.8344103392568659	0.7059684229821513	0.8344103392568659
215	0.9264654741745658	0.9234933813990827	0.8517921868707209	0.8517433222388747	0.8637123745819398	0.8344103392568659	0.7035537448018152	0.8344103392568659
216	0.9229000006487988	0.920048227467766	0.8517921868707209	0.8517455930344966	0.8631051752921536	0.8352180936995154	0.7035550912618336	0.8352180936995154
217	0.9253274811686163	0.9222111694071129	0.8562223117196939	0.8561927840603123	0.8631492168178071	0.845718901453958	0.7124260124673758	0.845718901453958
218	0.9249109523716839	0.9227749528269775	0.8566250503423278	0.8566193692378561	0.8573743922204214	0.8546042003231018	0.7132452170121768	0.8546042003231018
219	0.9221227397473579	0.9184721785349073	0.8501812323801853	0.8501437089229291	0.8590381426202321	0.8368336025848142	0.7003383082511138	0.8368336025848142
220	0.9228354451732618	0.9187510383238963	0.8542086186065244	0.8541643147712011	0.865	0.8384491114701131	0.7083897566600073	0.8384491114701131
221	0.9253797094679201	0.9228037423710803	0.8578332662102296	0.8577946681718798	0.8672199170124482	0.8441033925686591	0.715642963947769	0.8441033925686591
222	0.92406232360784	0.9212635495584409	0.8517921868707209	0.8517251558738994	0.8686440677966102	0.8279483037156704	0.7035429726813258	0.8279483037156704
223	0.9226946558447034	0.917607120479509	0.8517921868707209	0.8517410514432529	0.864321608040201	0.8336025848142165	0.7035523983295655	0.8336025848142165
224	0.9218690594364533	0.918354118359703	0.8530004027386227	0.8530049114065308	0.8511665325824618	0.8546042003231018	0.706001806884001	0.8546042003231018
225	0.9247906002037227	0.9214924634545215	0.8542086186065244	0.8542051890923954	0.8543689320388349	0.8529886914378029	0.7084135955097732	0.8529886914378029
226	0.9238868235462043	0.9193527173847659	0.8497784937575513	0.8497648104534454	0.8524857375713122	0.8449111470113085	0.699547094720171	0.8449111470113085
227	0.9213230952890722	0.917029358625657	0.846959323399114	0.8469058787654657	0.8598993288590604	0.8279483037156704	0.6938842383182937	0.8279483037156704
228	0.9236905619245966	0.919488274202732	0.8521949254933548	0.8521721782120404	0.8572600492206727	0.8441033925686591	0.704374746754812	0.8441033925686591
229	0.9253070440080191	0.9202936915834603	0.8578332662102296	0.8577923973762579	0.8678304239401496	0.8432956381260097	0.7156416724116955	0.8432956381260097
230	0.9243078939343804	0.9196394116482609	0.8534031413612565	0.8533815390803927	0.8581967213114754	0.845718901453958	0.7067919678026948	0.845718901453958
231	0.9222810466421422	0.9169897721815438	0.8465565847764801	0.8464883767704096	0.8634435962680237	0.8222940226171244	0.6930696088873979	0.8222940226171244
232	0.9222336843334565	0.9167729721934281	0.8493757551349175	0.8493291420934141	0.8606010016694491	0.8327948303715671	0.6987217503584939	0.8327948303715671
233	0.9242417164619707	0.9199198017072219	0.8538058799838905	0.8538035826666925	0.8536782538399353	0.8529886914378029	0.7076087721682871	0.8529886914378029
234	0.9233324250150845	0.9197349043756264	0.8521949254933548	0.8521926153726376	0.8520614389652384	0.851373182552504	0.7043868302638054	0.851373182552504
235	0.9256184674075949	0.9218458565902885	0.8505839710028191	0.8505362321661444	0.8621553884711779	0.8336025848142165	0.7011377420934078	0.8336025848142165
236	0.9263921599159156	0.9231847085022314	0.8550140958517922	0.854960715235741	0.8682885906040269	0.8360258481421647	0.7099955941962782	0.8360258481421647
237	0.923955920612985	0.9196229630961036	0.8505839710028191	0.8505566693267416	0.8567901234567902	0.8408723747980614	0.7011499585233737	0.8408723747980614
238	0.9263996211015304	0.9227500649617778	0.851389448248087	0.851341715813172	0.8629908103592314	0.8344103392568659	0.7027488593867048	0.8344103392568659
239	0.9240220980853949	0.9197945354393898	0.8429319371727748	0.8428943560996814	0.851575456053068	0.8295638126009693	0.6858385489729418	0.8295638126009693
240	0.9252077777994046	0.9213169769076531	0.8461538461538461	0.8461299154615229	0.8513957307060755	0.8376413570274637	0.6922912719628351	0.8376413570274637
241	0.9238650887881088	0.9199018023830958	0.8497784937575513	0.8497648104534454	0.8524857375713122	0.8449111470113085	0.699547094720171	0.8449111470113085
242	0.9222028663928737	0.9189451670307384	0.8473620620217479	0.8472779648480837	0.8686695278969957	0.8174474959612278	0.694671083988269	0.8174474959612278
243	0.925717409216835	0.9232192375068679	0.8509867096254531	0.8509764421174195	0.8528455284552846	0.8473344103392568	0.7019656363987901	0.8473344103392568
244	0.9230638223329504	0.9209014736056119	0.851389448248087	0.8513507989956596	0.8605809128630706	0.8376413570274637	0.7027542597640986	0.8376413570274637
245	0.92088807572779	0.9173169841651014	0.8465565847764801	0.8465110847266286	0.8573811509591326	0.8303715670436187	0.6930835496457732	0.8303715670436187
246	0.9246631112495214	0.920814653177812	0.8481675392670157	0.8481538431593905	0.8508557457212714	0.8432956381260097	0.696325079650146	0.8432956381260097
247	0.9224536271094069	0.9182772739371987	0.8505839710028191	0.8505657525092292	0.8544562551103843	0.8441033925686591	0.7011553877272292	0.8441033925686591
248	0.9209808539489136	0.9162849804587727	0.8449456302859444	0.8449001174325736	0.8557130942452044	0.8287560581583199	0.6898613296945477	0.8287560581583199
249	0.9226330199635375	0.9185895885413489	0.8449456302859444	0.8448842218632202	0.859915611814346	0.8231017770597738	0.6898514688462872	0.8231017770597738
250	0.924657596460154	0.9212619171946198	0.8485702778896497	0.8485668035632027	0.848705501618123	0.8473344103392568	0.6971367732366706	0.8473344103392568
251	0.9230008888542862	0.9184056339666881	0.8441401530406766	0.8441377789023623	0.8439773645917542	0.8432956381260097	0.688277120741397	0.8432956381260097
252	0.9253255347723688	0.920867802786534	0.8550140958517922	0.8549993187613134	0.8580750407830342	0.8497576736672051	0.7100179851914138	0.8497576736672051
253	0.9228266863901486	0.9180114693491243	0.8461538461538461	0.8461526234177421	0.845718901453958	0.845718901453958	0.6923052468354841	0.845718901453958
254	0.9212368050554398	0.9160608125830363	0.8481675392670157	0.8481901758893409	0.8419380460683081	0.8562197092084006	0.6963471452756567	0.8562197092084006
255	0.9234560211767913	0.9184781905422544	0.8525976641159887	0.8525374519077927	0.8676222596964587	0.8311793214862682	0.7051581698599987	0.8311793214862682
256	0.9234222836418371	0.9196847466067333	0.8477648006443818	0.8477590491205533	0.8484602917341977	0.845718901453958	0.6955244158163001	0.845718901453958
257	0.9228967566550531	0.9205307984883295	0.8437374144180427	0.8437111937248185	0.8495065789473685	0.8344103392568659	0.6874567310718107	0.8344103392568659
258	0.9250186529640372	0.9209481236257561	0.846959323399114	0.8469331283129287	0.852796052631579	0.8376413570274637	0.6939009221837321	0.8376413570274637
259	0.9271314660905334	0.922763836831502	0.8534031413612565	0.8534065178322336	0.8518518518518519	0.8546042003231018	0.7068066156109942	0.8546042003231018
260	0.9251461419182384	0.9209872946428829	0.8493757551349175	0.849376828801474	0.8483870967741935	0.8497576736672051	0.6987504841638676	0.8497576736672051
261	0.9253842510591639	0.9205473007339632	0.8525976641159887	0.852578326228987	0.8567921440261865	0.845718901453958	0.7051822736550887	0.845718901453958
262	0.9246131537458395	0.9205742965631795	0.8489730165122835	0.8490024719232341	0.841106719367589	0.8594507269789984	0.6979621507527713	0.8594507269789984
263	0.92356696576289	0.9212750352164294	0.8517921868707209	0.8517978213338004	0.8496784565916399	0.8537964458804523	0.7035860564667811	0.8537964458804523
264	0.9217152941329129	0.9174245717828052	0.8461538461538461	0.8460708747753534	0.8670668953687821	0.8166397415185783	0.6922549313523566	0.8166397415185783
265	0.9222489311040608	0.9180306906449597	0.8485702778896497	0.8485531787894713	0.8521241830065359	0.8424878836833603	0.6971285200884211	0.8424878836833603
266	0.9217963939765523	0.9179355793722068	0.842529198550141	0.8424882080827347	0.8520365752285952	0.8279483037156704	0.6850308609432662	0.8279483037156704
267	0.9232870091026464	0.9195342994397993	0.8457511075312123	0.8457419338095515	0.8472786352558895	0.8424878836833603	0.691494859323597	0.8424878836833603
268	0.9222752074534	0.9182938582733889	0.8473620620217479	0.8473392763298753	0.85233798195242	0.8392568659127625	0.6947085259402555	0.8392568659127625
269	0.9234498575886745	0.9182171840363789	0.8417237213048732	0.8416509332970006	0.8595744680851064	0.815831987075929	0.6833996338304816	0.815831987075929
270	0.924570333028398	0.9204777136961951	0.8477648006443818	0.8477136332081152	0.8601340033500837	0.8295638126009693	0.6954967569798256	0.8295638126009693
271	0.9246783580201259	0.9204658240119008	0.8505839710028191	0.8505521277354977	0.8579686209744013	0.8392568659127625	0.7011472438474697	0.8392568659127625
272	0.9239121266974197	0.9192383987601023	0.8485702778896497	0.848485054920814	0.8702749140893471	0.8182552504038773	0.6970872475992034	0.8182552504038773
273	0.9235056542810985	0.9198451161465679	0.8501812323801853	0.8501755000616359	0.8508914100486223	0.8481421647819063	0.7003573615969938	0.8481421647819063
274	0.9241479650427233	0.9206077430779533	0.85581957309706	0.8557911776346095	0.8624382207578254	0.845718901453958	0.7116211379771689	0.845718901453958
275	0.9237002939058334	0.9193454509736486	0.8497784937575513	0.8497148529497636	0.8655959425190194	0.827140549273021	0.6995170712161791	0.827140549273021
276	0.9233492937825616	0.9194465543541286	0.8505839710028191	0.8505543985311197	0.8573784006595219	0.840064620355412	0.7011486011915866	0.840064620355412
277	0.9222690438652834	0.9179342826653886	0.8441401530406766	0.8440991753767899	0.8536990856192851	0.8295638126009693	0.6882530516241534	0.8295638126009693
278	0.9228004100408094	0.9207455009346455	0.8530004027386227	0.8529844742459336	0.856326530612245	0.8473344103392568	0.7059897895526692	0.8473344103392568
279	0.9222028663928736	0.9188747269156177	0.8473620620217479	0.8473052143955466	0.8612279226240538	0.827140549273021	0.694687725989585	0.827140549273021
280	0.9234034684781129	0.9209867255723162	0.851389448248087	0.8513598821781472	0.8582028029678483	0.8408723747980614	0.7027596599452708	0.8408723747980614
281	0.9265099168888803	0.9226639216999402	0.851389448248087	0.8513598821781472	0.8582028029678483	0.8408723747980614	0.7027596599452708	0.8408723747980614
282	0.9241184446996387	0.921154787108875	0.8542086186065244	0.8541892935230421	0.8584288052373159	0.8473344103392568	0.7084043253091314	0.8473344103392568
283	0.9222765050508981	0.9178114321943797	0.851389448248087	0.85133944501755	0.8635983263598327	0.8336025848142165	0.7027475092616955	0.8336025848142165
284	0.9208669897684437	0.9167135278758282	0.8497784937575513	0.8497489148840921	0.8565539983511954	0.8392568659127625	0.6995375424379024	0.8392568659127625
285	0.9221233885461069	0.9168564479491471	0.8481675392670157	0.8481311352031713	0.8566694283347142	0.8352180936995154	0.6963112870056252	0.8352180936995154
286	0.9219887628056653	0.9171591829674836	0.8505839710028191	0.850520336596791	0.8664412510566357	0.8279483037156704	0.7011282397351273	0.8279483037156704
287	0.9214470158501534	0.915736438021235	0.8429319371727748	0.842855752574109	0.8617747440273038	0.815831987075929	0.6858142898579502	0.815831987075929
288	0.9200932972601229	0.9150033272005419	0.8509867096254531	0.8509491925699567	0.8598673300165838	0.8376413570274637	0.701949392615355	0.8376413570274637
289	0.9224172943794564	0.9171987578505575	0.8453483689085783	0.8452767451064354	0.8630952380952381	0.8198707592891761	0.6906507264649181	0.8198707592891761
290	0.9227202833952937	0.9184740190638224	0.8509867096254531	0.8509446509787129	0.8610648918469218	0.8360258481421647	0.7019466851459657	0.8360258481421647
291	0.9223647416807781	0.9178724053951343	0.8501812323801853	0.8501573336966606	0.8555008210180624	0.8416801292407108	0.700346474267473	0.8416801292407108
292	0.9233973048899962	0.9200517754957187	0.8509867096254531	0.8509332970006034	0.8640939597315436	0.8319870759289176	0.7019399162572859	0.8319870759289176
293	0.9203641707378788	0.9163022071776123	0.8530004027386227	0.8529799326546899	0.8574938574938575	0.845718901453958	0.7059871189011779	0.845718901453958
294	0.9213409372546729	0.9149235282843116	0.8509867096254531	0.85091740143125	0.868421052631579	0.8263327948303716	0.7019304392966064	0.8263327948303716
295	0.9232519739701941	0.9176547062036355	0.851389448248087	0.85133944501755	0.8635983263598327	0.8336025848142165	0.7027475092616955	0.8336025848142165
296	0.9231033990566465	0.917827736541023	0.8546113572291583	0.8545863583575011	0.8603122432210353	0.845718901453958	0.7092065364400597	0.845718901453958
297	0.9246841972088677	0.9207497348242583	0.85581957309706	0.8557957192258533	0.861247947454844	0.8473344103392568	0.7116237574939659	0.8473344103392568
298	0.9228912418656857	0.9184246140539413	0.8578332662102296	0.8578219177193427	0.8600488201790073	0.8537964458804523	0.715658461465595	0.8537964458804523
299	0.9197555975112078	0.9177543644233697	0.8546113572291583	0.8545840875618791	0.8609053497942387	0.8449111470113085	0.7092052157060321	0.8449111470113085
300	0.9228873490731908	0.9200946409610574	0.8554168344744261	0.8554236331432353	0.8530120481927711	0.8578352180936996	0.7108359671440561	0.8578352180936996
301	0.9221305253323472	0.9192436979950429	0.8538058799838905	0.8537990410754488	0.8548256285482563	0.851373182552504	0.7076061162952522	0.851373182552504
302	0.9205993602844333	0.9177297457227448	0.8497784937575513	0.849751185679714	0.8559670781893004	0.840064620355412	0.6995389070868421	0.840064620355412
303	0.9222171399653541	0.9183063526663856	0.8542086186065244	0.854168856362445	0.8637873754152824	0.840064620355412	0.7083924056135806	0.840064620355412
304	0.9226748674828555	0.918088426499455	0.8497784937575513	0.8497375609059825	0.8595178719866999	0.8352180936995154	0.699530719007259	0.8352180936995154
305	0.9230313823954948	0.9189318068821385	0.846959323399114	0.846901337174222	0.8611111111111112	0.8263327948303716	0.6938814574972342	0.8263327948303716
306	0.9240619992084654	0.9196925450080689	0.8449456302859444	0.8449023882281955	0.855120732722731	0.8295638126009693	0.6898627383359703	0.8295638126009693
307	0.9226320467654139	0.919293883893829	0.846959323399114	0.8469694610428791	0.84375	0.8505654281098546	0.6939231645089191	0.8505654281098546
308	0.9257427123680505	0.9215421262489913	0.8505839710028191	0.8505634817136073	0.855036855036855	0.8432956381260097	0.701154030444759	0.8432956381260097
309	0.9261949250961845	0.9212968676221335	0.8493757551349175	0.8492859969765978	0.8724137931034482	0.8174474959612278	0.6986957483824204	0.8174474959612278
310	0.9252564377055881	0.919517705464166	0.8493757551349175	0.8493177881153045	0.8636363636363636	0.8287560581583199	0.6987149081683305	0.8287560581583199
311	0.9241427746527305	0.9182533488611724	0.8501812323801853	0.850123271762332	0.8644781144781145	0.8295638126009693	0.7003260583920292	0.8295638126009693
312	0.9239695453867166	0.918657794289738	0.8534031413612565	0.8533520187373078	0.8659966499162479	0.8352180936995154	0.7067746548694616	0.8352180936995154
313	0.9219550252707113	0.9160113835096109	0.8501812323801853	0.8501845832441235	0.8486312399355878	0.851373182552504	0.7003628049650821	0.851373182552504
314	0.923673368757745	0.9181198719609956	0.8493757551349175	0.8493268712977922	0.8612040133779264	0.8319870759289176	0.6987203819453232	0.8319870759289176
315	0.9234333132205721	0.9175173631472153	0.8493757551349175	0.8493904535752055	0.8450479233226837	0.8546042003231018	0.6987586928158852	0.8546042003231018
316	0.9248376381130337	0.9194798765081597	0.8501812323801853	0.8501459797185511	0.8584437086092715	0.8376413570274637	0.7003396692847479	0.8376413570274637
317	0.9202545237492783	0.9142040316029115	0.8477648006443818	0.8477249871862247	0.8571428571428571	0.8336025848142165	0.6955036721600373	0.8336025848142165
318	0.922867560711343	0.9180748601613791	0.846959323399114	0.8468899831961123	0.8641765704584041	0.8222940226171244	0.6938745052235415	0.8222940226171244
319	0.9173676937150865	0.9145850222536823	0.837696335078534	0.8376621185874353	0.8453267162944582	0.8255250403877221	0.6753687122800063	0.8255250403877221
320	0.9219585936638315	0.9181862226507584	0.8509867096254531	0.8509537341612006	0.8586776859504133	0.8392568659127625	0.7019521000355564	0.8392568659127625
321	0.9216371138836443	0.9183046695644591	0.8433346757954088	0.8432619005910557	0.8612765957446809	0.8174474959612278	0.6866220294149042	0.8174474959612278
322	0.9213084973172172	0.9175664301679204	0.8509867096254531	0.8509514633655786	0.859271523178808	0.8384491114701131	0.7019507463316041	0.8384491114701131
323	0.9228834562806963	0.9200278005228333	0.8485702778896497	0.8485236584463866	0.8597662771285476	0.8319870759289176	0.6971106367240474	0.8319870759289176
324	0.9246193173339563	0.9216207608790391	0.851389448248087	0.8513349034263062	0.8648194794290512	0.8319870759289176	0.7027448089748827	0.8319870759289176
325	0.9222310891384602	0.9185181991406401	0.8453483689085783	0.8452699327195697	0.864957264957265	0.8174474959612278	0.690646511000135	0.8174474959612278
326	0.9208997541052741	0.9174668735607175	0.8505839710028191	0.8505407737573882	0.8609492089925063	0.8352180936995154	0.701140456941935	0.8352180936995154
327	0.9222343331322057	0.9175075355154796	0.8525976641159887	0.8525692430464994	0.8591433278418451	0.8424878836833603	0.7051769175967704	0.8424878836833603
328	0.9205961162906877	0.9166339445887249	0.8461538461538461	0.8461276446659011	0.8519736842105263	0.8368336025848142	0.6922898744057517	0.8368336025848142
329	0.9214015999377153	0.9182246005783703	0.8489730165122835	0.8489729515801494	0.8482647296206618	0.8489499192245558	0.6979443182713965	0.8489499192245558
330	0.9230972354685301	0.9201081612953786	0.8566250503423278	0.8566284524203438	0.855072463768116	0.8578352180936996	0.7132504262569064	0.8578352180936996
331	0.9230579831442086	0.9190623266036935	0.8586387434554974	0.858581985453932	0.8730025231286795	0.8384491114701131	0.7172437778953676	0.8384491114701131
332	0.9224305947538133	0.9183009316845232	0.846959323399114	0.8468740876267591	0.8685567010309279	0.8166397415185783	0.6938647715098332	0.8166397415185783
333	0.9233097170588656	0.9197440992177889	0.8525976641159887	0.8525578890683899	0.8621262458471761	0.8384491114701131	0.7051702222501948	0.8384491114701131
334	0.9251873406388074	0.9198946228964364	0.8517921868707209	0.8517387806476309	0.8649328859060402	0.8327948303715671	0.7035510518450845	0.8327948303715671
335	0.9250520660996167	0.9209151365591483	0.851389448248087	0.8513144662657091	0.8704177323103154	0.8247172859450727	0.7027326570770871	0.8247172859450727
336	0.9213678624027613	0.9178627923439572	0.8473620620217479	0.8473142975780342	0.858813700918964	0.8303715670436187	0.6946932729202199	0.8303715670436187
337	0.9227355301658978	0.9197708171093446	0.851389448248087	0.8513530697912814	0.859983429991715	0.8384491114701131	0.702755609827787	0.8384491114701131
338	0.9198198285873704	0.9159707251087534	0.8481675392670157	0.8481515723637685	0.8514285714285714	0.8424878836833603	0.696323700442072	0.8424878836833603
339	0.9179587493755311	0.9156120660782382	0.8465565847764801	0.8465746670040419	0.8414342629482072	0.8529886914378029	0.6931225770329568	0.8529886914378029
340	0.9226901142534598	0.9188939866298441	0.8457511075312123	0.8456715391452725	0.8656971770744226	0.8174474959612278	0.6914514182854299	0.8174474959612278
341	0.9187986193562618	0.9145450773671436	0.8465565847764801	0.8465020015441411	0.8597816960537363	0.827140549273021	0.693077973494391	0.827140549273021
342	0.9201267103957024	0.9157912870895368	0.8393072895690696	0.8392481071296495	0.8534119629317607	0.8182552504038773	0.6785748003982788	0.8182552504038773
343	0.9233444277919433	0.9203168619351932	0.8517921868707209	0.8517228850782776	0.8692699490662139	0.827140549273021	0.7035416261112193	0.827140549273021
344	0.922406589200096	0.9198041546354925	0.8433346757954088	0.8432550882041899	0.863130881094953	0.8150242326332795	0.6866177590418596	0.8150242326332795
345	0.9234485599911763	0.9210103756765418	0.8485702778896497	0.8485372832201179	0.856198347107438	0.8368336025848142	0.6971188908469439	0.8368336025848142
346	0.920882885337797	0.9188142790677349	0.8433346757954088	0.8432846085472747	0.8552301255230126	0.8255250403877221	0.6866362631512183	0.8255250403877221
347	0.9206798113293237	0.9178374330876533	0.851389448248087	0.8513735069518786	0.8546938775510204	0.845718901453958	0.7027677598491369	0.845718901453958
348	0.9248343941192881	0.923415809618786	0.8485702778896497	0.8485486371982275	0.8532786885245902	0.8408723747980614	0.6971257689390474	0.8408723747980614
349	0.9240425352459921	0.9218591496016374	0.8481675392670157	0.8481515723637685	0.8514285714285714	0.8424878836833603	0.696323700442072	0.8424878836833603
350	0.9255762954889022	0.9229791630405348	0.8517921868707209	0.8517387806476309	0.8649328859060402	0.8327948303715671	0.7035510518450845	0.8327948303715671
351	0.9208559601897087	0.9176094155371143	0.8457511075312123	0.8456987886927354	0.8583403185247276	0.827140549273021	0.691468235622367	0.827140549273021
352	0.9229324405862547	0.9213253523805486	0.8437374144180427	0.8436794025861118	0.8577441077441077	0.8231017770597738	0.6874368566024391	0.8231017770597738
353	0.923918614684911	0.9221438046933756	0.8417237213048732	0.8416373085232691	0.8632846087704213	0.8109854604200323	0.6833910051442282	0.8109854604200323
354	0.9224393535369263	0.920755411549981	0.8409182440596054	0.8408681576061922	0.8527196652719665	0.8231017770597738	0.6818028893180751	0.8231017770597738
355	0.9216857737898281	0.9195471961112442	0.8429319371727748	0.8428761897347061	0.8563025210084033	0.8231017770597738	0.6858271333855024	0.8231017770597738
356	0.9232587863570599	0.922773339866253	0.846959323399114	0.8469308575173067	0.8533772652388797	0.8368336025848142	0.693899531931073	0.8368336025848142
357	0.9236652587733811	0.9222902033026404	0.8457511075312123	0.8457124134664669	0.8547717842323651	0.8319870759289176	0.6914766436033869	0.8319870759289176
358	0.9229068130356645	0.9208326291954221	0.8497784937575513	0.8497966015921521	0.8446215139442231	0.8562197092084006	0.699566197462711	0.8562197092084006
359	0.9225665180917532	0.9204999218971026	0.8457511075312123	0.8456987886927354	0.8583403185247276	0.827140549273021	0.691468235622367	0.827140549273021
360	0.920315510831695	0.9172711174326197	0.8429319371727748	0.8428988976909253	0.8504132231404958	0.8311793214862682	0.6858414027401811	0.8311793214862682
361	0.9220711602468031	0.9184569400612983	0.8453483689085783	0.8453017238582764	0.8564273789649416	0.8287560581583199	0.6906661821862611	0.8287560581583199
362	0.9215809927918458	0.9184999259125578	0.8453483689085783	0.8453562229532021	0.8426966292134831	0.8481421647819063	0.6906998983999616	0.8481421647819063
363	0.9228023564370568	0.9191705659891289	0.8477648006443818	0.8477136332081152	0.8601340033500837	0.8295638126009693	0.6954967569798256	0.8295638126009693
364	0.923245485982703	0.9214604336846893	0.846959323399114	0.8469217743348191	0.8557213930348259	0.8336025848142165	0.6938939707941485	0.8336025848142165
365	0.9237502514095152	0.9213061683083452	0.851389448248087	0.8513735069518786	0.8546938775510204	0.845718901453958	0.7027677598491369	0.845718901453958
366	0.924319896711239	0.9218326660199856	0.8461538461538461	0.8461208322790355	0.8537190082644628	0.8344103392568659	0.6922856816583312	0.8344103392568659
367	0.9259470839740221	0.92384110160642	0.846959323399114	0.8468831708092467	0.8660409556313993	0.8198707592891761	0.6938703337077463	0.8198707592891761
368	0.9201928878681123	0.9171374855009637	0.8525976641159887	0.8526123881633156	0.8482428115015974	0.8578352180936996	0.7052023571406791	0.8578352180936996
369	0.9247039855707159	0.9215744010798386	0.851389448248087	0.8513053830832215	0.8729613733905579	0.821486268174475	0.7027272559147	0.821486268174475
370	0.9263827523340535	0.9237440528958984	0.8534031413612565	0.853374726693527	0.8599670510708401	0.8432956381260097	0.70678797269187	0.8432956381260097
371	0.9233090682601164	0.9206614007308755	0.8517921868707209	0.851786467355691	0.8525121555915721	0.8497576736672051	0.7035793254507895	0.8497576736672051
372	0.9232127216458726	0.9203967189605845	0.8453483689085783	0.8452971822670325	0.8576214405360134	0.827140549273021	0.6906633721699815	0.827140549273021
373	0.9269468828464098	0.9235017690552859	0.8501812323801853	0.8501255425579539	0.8638655462184874	0.8303715670436187	0.7003274195369409	0.8303715670436187
374	0.9255357455670826	0.9228812700593004	0.8501812323801853	0.8501437089229291	0.8590381426202321	0.8368336025848142	0.7003383082511138	0.8368336025848142
375	0.9221133321654956	0.9196853128649378	0.8473620620217479	0.8473529011036067	0.8489033306255077	0.8441033925686591	0.694716845127006	0.8441033925686591
376	0.9245654670377795	0.9212801701542401	0.8501812323801853	0.8501550629010388	0.8560855263157895	0.8408723747980614	0.7003451132956535	0.8408723747980614
377	0.9213042801253479	0.9189436662857484	0.8449456302859444	0.8449500749362555	0.8431214802896219	0.8465266558966075	0.6898923168502475	0.8465266558966075
378	0.9236792079464871	0.9215529190673235	0.8413209826822392	0.8412697640318949	0.8534338358458962	0.8231017770597738	0.6826077308202414	0.8231017770597738
379	0.922747857342131	0.9188880053665134	0.8437374144180427	0.8437043813379528	0.8512396694214877	0.8319870759289176	0.6874524724697186	0.8319870759289176
380	0.9248275817324225	0.9210351756035852	0.8429319371727748	0.8428512109828652	0.863013698630137	0.81421647819063	0.6858114355981091	0.81421647819063
381	0.9205156652457974	0.9169431913362371	0.8449456302859444	0.8449023882281955	0.855120732722731	0.8295638126009693	0.6898627383359703	0.8295638126009693
382	0.9234106052643531	0.9208993761858414	0.8461538461538461	0.8461412694396325	0.8485342019543974	0.8416801292407108	0.6922982595578336	0.8416801292407108
383	0.9239844677579463	0.9214108695753236	0.8449456302859444	0.8448796802719765	0.8611346316680779	0.821486268174475	0.6898486513458963	0.821486268174475
384	0.9216912885791957	0.9186554584184653	0.8429319371727748	0.8428512109828652	0.863013698630137	0.81421647819063	0.6858114355981091	0.81421647819063
385	0.9242151157132569	0.9212269888732123	0.8473620620217479	0.8473211099649001	0.857024106400665	0.8327948303715671	0.6946974329859281	0.8327948303715671
386	0.9229811004924381	0.9210882709388488	0.8437374144180427	0.8436930273598433	0.8541666666666666	0.8279483037156704	0.6874453745416652	0.8279483037156704
387	0.922149664895446	0.9191301547140718	0.8521949254933548	0.8521880737813937	0.8532035685320357	0.8497576736672051	0.704384145124952	0.8497576736672051
388	0.9247912490024719	0.9225640095056326	0.8538058799838905	0.8537854163017173	0.8583128583128583	0.8465266558966075	0.7075981483866509	0.8465266558966075
389	0.9245784430127619	0.9222583346046743	0.8505839710028191	0.8505316905749005	0.8633696563285834	0.8319870759289176	0.7011350271955565	0.8319870759289176
390	0.9228480967488695	0.9193106177879322	0.8481675392670157	0.8481243228163056	0.858451290591174	0.8327948303715671	0.6963071489679502	0.8327948303715671
391	0.9248288793299206	0.9222668568105917	0.8485702778896497	0.8484895965120579	0.8690068493150684	0.8198707592891761	0.6970899994484334	0.8198707592891761
392	0.9239737625785858	0.9222372193291971	0.8509867096254531	0.8510173164386139	0.8428120063191153	0.8618739903069467	0.7019899987543856	0.8618739903069467
393	0.9232801967157809	0.9209831503736907	0.846959323399114	0.8468899831961123	0.8641765704584041	0.8222940226171244	0.6938745052235415	0.8222940226171244
394	0.9240418864472428	0.9222254348245987	0.8461538461538461	0.8460549792060001	0.8715277777777778	0.8109854604200323	0.6922451458752026	0.8109854604200323
395	0.923060578339205	0.9209905454336395	0.8554168344744261	0.8554009251870163	0.8587755102040816	0.8497576736672051	0.7108228341079679	0.8497576736672051
396	0.9240811387715643	0.9223698987519804	0.8525976641159887	0.8525828678202308	0.8556280587275693	0.8473344103392568	0.7051849516112707	0.8473344103392568
397	0.9231909868877773	0.9209168151094802	0.8481675392670157	0.8481265936119275	0.85785536159601	0.8336025848142165	0.6963085283263717	0.8336025848142165
398	0.9240474012366104	0.9234807160750916	0.851389448248087	0.8513735069518786	0.8546938775510204	0.845718901453958	0.7027677598491369	0.845718901453958
399	0.9224033452063505	0.9207409692338501	0.8477648006443818	0.8476977376387618	0.864406779661017	0.8239095315024233	0.6954870751998401	0.8239095315024233
400	0.9227416937540144	0.9213801348179006	0.846959323399114	0.8468877124004905	0.8647959183673469	0.821486268174475	0.6938731147309085	0.821486268174475
401	0.9233149074488585	0.9222958537822643	0.8473620620217479	0.847343817921119	0.8511856091578087	0.8408723747980614	0.6947112990528838	0.8408723747980614
402	0.9251474395157366	0.9237901768704012	0.8517921868707209	0.8517274266695214	0.868020304568528	0.8287560581583199	0.7035443192391997	0.8287560581583199
403	0.9225055310093361	0.920658591113475	0.846959323399114	0.8468945247873563	0.8629441624365483	0.8239095315024233	0.6938772861709128	0.8239095315024233
404	0.9246961999857264	0.9217206724509399	0.8465565847764801	0.8464656688141905	0.8697152717860225	0.81421647819063	0.693055666862531	0.81421647819063
405	0.9229502825518554	0.9209450636784953	0.851389448248087	0.8513644237693909	0.857025472473295	0.8424878836833603	0.702762359962277	0.8424878836833603
406	0.920146823156925	0.9173287922509165	0.8445428916633105	0.8444553658900545	0.8666092943201377	0.8134087237479806	0.6890296448381746	0.8134087237479806
407	0.9225217509780641	0.9196537184428922	0.8501812323801853	0.8501596044922826	0.8549180327868853	0.8424878836833603	0.7003478352269299	0.8424878836833603
408	0.9215164373163088	0.9184454407906906	0.8481675392670157	0.8481311352031713	0.8566694283347142	0.8352180936995154	0.6963112870056252	0.8352180936995154
409	0.9242598828269458	0.9207657089009172	0.8501812323801853	0.8501300841491978	0.8626465661641541	0.8319870759289176	0.7003301417896696	0.8319870759289176
410	0.9199080652172502	0.9172018655493201	0.8517921868707209	0.8517796549688252	0.8542345276872965	0.8473344103392568	0.7035752866944576	0.8473344103392568
411	0.9231072918491413	0.920613165293943	0.8501812323801853	0.8501550629010388	0.8560855263157895	0.8408723747980614	0.7003451132956535	0.8408723747980614
412	0.9217237285166514	0.9184653450626638	0.8473620620217479	0.8473097559867905	0.8600167644593462	0.8287560581583199	0.6946904994800969	0.8287560581583199
413	0.9215456332600191	0.9182855250109123	0.8453483689085783	0.8453017238582764	0.8564273789649416	0.8287560581583199	0.6906661821862611	0.8287560581583199
414	0.9250176797659134	0.921870457522729	0.8509867096254531	0.8509514633655786	0.859271523178808	0.8384491114701131	0.7019507463316041	0.8384491114701131
415	0.9237333826420384	0.9206783346574111	0.8485702778896497	0.8485191168551427	0.8609715242881072	0.8303715670436187	0.6971078852497735	0.8303715670436187
416	0.9248214181443059	0.9204515404436325	0.8517921868707209	0.8517115311001681	0.872431506849315	0.8231017770597738	0.7035348930771901	0.8231017770597738
417	0.9261537263756157	0.9234751070410502	0.8562223117196939	0.8561723468997152	0.8686192468619247	0.8384491114701131	0.7124142569279819	0.8384491114701131
418	0.9237161894751866	0.9202024043945922	0.8546113572291583	0.8545886291531231	0.859721082854799	0.8465266558966075	0.7092078571620902	0.8465266558966075
419	0.9236276284459323	0.9186741899773163	0.8566250503423278	0.8565853073035274	0.8662790697674418	0.8424878836833603	0.7132256806586594	0.8424878836833603
420	0.9254170153959944	0.9206159031125507	0.8521949254933548	0.8521608242339309	0.8602150537634409	0.840064620355412	0.7043680332674003	0.840064620355412
421	0.9267606776054136	0.9228633716352809	0.860652436568667	0.860617267129909	0.8692052980132451	0.8481421647819063	0.7212836708938786	0.8481421647819063
422	0.9252632500924538	0.9210470138757703	0.8530004027386227	0.8529526831072269	0.8646616541353384	0.8360258481421647	0.7059710939732988	0.8360258481421647
423	0.925205831403157	0.9218129975536433	0.8550140958517922	0.8549902355788258	0.8604269293924466	0.8465266558966075	0.7100127170330384	0.8465266558966075
424	0.9260898196988276	0.9228510809791588	0.8562223117196939	0.8561814300822028	0.8661679135494597	0.8416801292407108	0.7124194817308083	0.8416801292407108
425	0.9263058696822833	0.9225766022420633	0.8542086186065244	0.8541983767055297	0.8560975609756097	0.8505654281098546	0.7084096226388162	0.8505654281098546
426	0.9260804121169655	0.9228669397497188	0.8554168344744261	0.8553668632526876	0.8677824267782427	0.8376413570274637	0.7108031323169341	0.8376413570274637
427	0.9272125659341729	0.9249653234751739	0.8586387434554974	0.858609235001395	0.8656224237427865	0.8481421647819063	0.7172591887284283	0.8481421647819063
428	0.9268352894615619	0.9229335845873781	0.8582360048328634	0.8581826498238512	0.8716442953020134	0.8392568659127625	0.7164401365474721	0.8392568659127625
429	0.9261692975455944	0.9234347330592009	0.8566250503423278	0.8566080152597466	0.8602941176470589	0.8505654281098546	0.7132387051901008	0.8505654281098546
430	0.9256084110269835	0.922055067348138	0.8501812323801853	0.8501051053973567	0.8694539249146758	0.8231017770597738	0.7003151687875833	0.8231017770597738
431	0.922744288949011	0.9180141112671838	0.8546113572291583	0.8545727335837696	0.8639004149377594	0.8408723747980614	0.7091986118559339	0.8408723747980614
432	0.9191071231614665	0.9157124440138972	0.8525976641159887	0.8525260979296831	0.8707482993197279	0.827140549273021	0.7051514736618751	0.827140549273021
433	0.9246254809220729	0.9210121032352588	0.8521949254933548	0.8521653658251747	0.8590272052761748	0.8416801292407108	0.704370718698955	0.8416801292407108
434	0.9235380942185544	0.9192634807482104	0.8461538461538461	0.8460958535271944	0.8602693602693603	0.8255250403877221	0.6922703072735354	0.8255250403877221
435	0.9216510630567506	0.9173313882980662	0.8570277889649618	0.8570073508898275	0.8615888615888616	0.8497576736672051	0.714042266328543	0.8497576736672051
436	0.9223686344732728	0.9176824071705745	0.8546113572291583	0.8545795459706353	0.8620974401321222	0.8432956381260097	0.7092025742019854	0.8432956381260097
437	0.9252282149600015	0.9218615520677688	0.8546113572291583	0.8545750043793916	0.8632974316487159	0.8416801292407108	0.7091999326499487	0.8416801292407108
438	0.9220072535700152	0.9175198554630619	0.8530004027386227	0.8529299751510079	0.8708581138487681	0.8279483037156704	0.7059577385322724	0.8279483037156704
439	0.9250945624176837	0.921425538186372	0.8530004027386227	0.8529640370853365	0.8616404308202155	0.840064620355412	0.7059777712388678	0.840064620355412
440	0.9234501819880491	0.9197931222450143	0.860249697946033	0.8602156607042062	0.8684863523573201	0.8481421647819063	0.7204787671492858	0.8481421647819063
441	0.9270789133918549	0.9234226079259212	0.8566250503423278	0.8565966612816371	0.8632619439868204	0.8465266558966075	0.7132321930722685	0.8465266558966075
442	0.9246079633558466	0.9198776382285911	0.8590414820781312	0.8590426325658045	0.8580645161290322	0.8594507269789984	0.7180820038966675	0.8594507269789984
443	0.9227738092920956	0.9186764705570227	0.8578332662102296	0.8578196469237207	0.8606356968215159	0.8529886914378029	0.7156571700702958	0.8529886914378029
444	0.9236665563708795	0.9202372325372973	0.8562223117196939	0.8562041380384218	0.8601798855273917	0.8497576736672051	0.7124325429073337	0.8497576736672051
445	0.9244178653223557	0.9215996431647714	0.8586387434554974	0.8585887978407978	0.8711297071129707	0.8408723747980614	0.717247630761125	0.8408723747980614
446	0.9233937364968761	0.9186770239596823	0.8586387434554974	0.858656921709455	0.853386454183267	0.8651050080775444	0.717286153644535	0.8651050080775444
447	0.9243195723118646	0.9202397377985015	0.8578332662102296	0.8578037513543674	0.86479802143446	0.8473344103392568	0.7156481299747441	0.8473344103392568
448	0.9229081106331627	0.9190844058174882	0.8554168344744261	0.8553782172307971	0.8647302904564316	0.8416801292407108	0.7108096998788926	0.8416801292407108
449	0.9242683172106844	0.9206327043499223	0.8542086186065244	0.8542006475011517	0.8555194805194806	0.851373182552504	0.7084109469411641	0.851373182552504
450	0.9225126677955764	0.918863475606875	0.8530004027386227	0.852975391063446	0.8586688578471652	0.8441033925686591	0.7059844482011683	0.8441033925686591
451	0.9233535109744309	0.9205131856883386	0.8546113572291583	0.8545999831312325	0.8567941415785191	0.8505654281098546	0.709214460592294	0.8505654281098546
452	0.9254909784533936	0.9222396325028629	0.8550140958517922	0.8549697984182286	0.8658333333333333	0.8392568659127625	0.7100008629768029	0.8392568659127625
453	0.9246112073495921	0.9205172598495114	0.85581957309706	0.8557503033134153	0.8735144312393888	0.8311793214862682	0.7115975601842839	0.8311793214862682
454	0.9248107129649452	0.9203712140424547	0.8586387434554974	0.8585729022714444	0.8755292125317528	0.8352180936995154	0.7172386405776874	0.8352180936995154
455	0.9248931104060832	0.9211228243387313	0.8590414820781312	0.8590108414270977	0.8663366336633663	0.8481421647819063	0.7180640778500655	0.8481421647819063
456	0.9242005177414018	0.9201494184392849	0.8562223117196939	0.8561837008778247	0.8655601659751038	0.8424878836833603	0.7124207879018515	0.8424878836833603
457	0.9242241988957445	0.9201073785577341	0.8554168344744261	0.8553850296176628	0.8629232039636664	0.8441033925686591	0.7108136402728884	0.8441033925686591
458	0.9249287943372844	0.9213271808837727	0.8546113572291583	0.8545522964231724	0.8694187026116259	0.8336025848142165	0.7091867241698713	0.8336025848142165
459	0.9239497570248685	0.9210964572301052	0.8566250503423278	0.8565716825297961	0.8699664429530202	0.8376413570274637	0.7132178653718751	0.8376413570274637
460	0.9228500431451168	0.9187248104294643	0.8562223117196939	0.8562086796296657	0.8590057049714751	0.851373182552504	0.7124351550002709	0.851373182552504
461	0.9241930565557869	0.9208737024974994	0.8546113572291583	0.8545750043793916	0.8632974316487159	0.8416801292407108	0.7091999326499487	0.8416801292407108
462	0.9252707112780688	0.9237386178662161	0.8530004027386227	0.8529458707203612	0.8664987405541562	0.8336025848142165	0.7059670874683799	0.8336025848142165
463	0.9225318073586755	0.9194908300339609	0.8546113572291583	0.8545681919925259	0.86511240632806	0.8392568659127625	0.70919597023191	0.8392568659127625
464	0.9226940070459543	0.9202677290337257	0.8530004027386227	0.8529163503772765	0.8746781115879828	0.8231017770597738	0.7059497246852723	0.8231017770597738
465	0.9232007188690139	0.9204923692973298	0.8578332662102296	0.8577992097631235	0.8660049627791563	0.845718901453958	0.71564554698472	0.845718901453958
466	0.9229596901337174	0.9192982707506395	0.8578332662102296	0.8577810433981483	0.8709136630343671	0.8392568659127625	0.7156352145553408	0.8392568659127625
467	0.9214139271139484	0.9169552771874871	0.8586387434554974	0.8586001518189073	0.8680497925311204	0.8449111470113085	0.717254051970728	0.8449111470113085
468	0.9204056938578222	0.9176642837843088	0.851389448248087	0.8513530697912814	0.859983429991715	0.8384491114701131	0.702755609827787	0.8384491114701131
469	0.9227640773108589	0.9201668991317504	0.8542086186065244	0.8542029182967735	0.8549432739059968	0.8521809369951535	0.7084122712314831	0.8521809369951535
470	0.9223984792157321	0.9190372008230524	0.8521949254933548	0.8521131375258708	0.8731790916880892	0.8231017770597738	0.7043398332902353	0.8231017770597738
471	0.9240908707528012	0.9202417105795211	0.8570277889649618	0.8570005385029618	0.8633744855967078	0.8473344103392568	0.7140383700156272	0.8473344103392568
472	0.9235595045772753	0.920778125850803	0.8534031413612565	0.853372455897905	0.8605610561056105	0.8424878836833603	0.7067866409640681	0.8424878836833603
473	0.9209042956965179	0.9185635173319843	0.8562223117196939	0.8562450123596161	0.8498808578236696	0.864297253634895	0.7124560500355688	0.864297253634895
474	0.9247639994550091	0.9218803489083748	0.8586387434554974	0.8586160473882607	0.8638228055783429	0.8505654281098546	0.7172630411742207	0.8505654281098546
475	0.9228678851107175	0.9195956836172288	0.8534031413612565	0.8533679143066613	0.8617549668874173	0.8408723747980614	0.7067839774721727	0.8408723747980614
476	0.9221782120404072	0.9180617742595124	0.8546113572291583	0.8545999831312325	0.8567941415785191	0.8505654281098546	0.709214460592294	0.8505654281098546
477	0.9236795323458615	0.919918431030261	0.85581957309706	0.8557979900214752	0.860655737704918	0.8481421647819063	0.7116250672345186	0.8481421647819063
478	0.9242897275694053	0.9209916089245475	0.8574305275875956	0.8574112281111521	0.8617021276595744	0.8505654281098546	0.7148484286172169	0.8505654281098546
479	0.9221470697004496	0.9182414500694771	0.8574305275875956	0.8574089573155304	0.8622950819672132	0.8497576736672051	0.714847133522401	0.8497576736672051
480	0.9224808766568697	0.9190970941443641	0.8525976641159887	0.852555618272768	0.8627287853577371	0.8376413570274637	0.7051688831443876	0.8376413570274637
481	0.9243328726862214	0.9216449733295586	0.8550140958517922	0.8549834231919601	0.8622112211221122	0.8441033925686591	0.7100087657886387	0.8441033925686591
482	0.9239546230154869	0.9201235238301771	0.851389448248087	0.8513099246744652	0.8716852010265184	0.8231017770597738	0.7027299565204272	0.8231017770597738
483	0.9239118022980453	0.9228281911346091	0.8509867096254531	0.8509332970006034	0.8640939597315436	0.8319870759289176	0.7019399162572859	0.8319870759289176
484	0.9225194801824423	0.9218904937610575	0.8534031413612565	0.8533928930585022	0.8552845528455284	0.8497576736672051	0.7067986260788097	0.8497576736672051
485	0.9235682633603881	0.9215751748802495	0.8554168344744261	0.8553941128001505	0.8605414273995078	0.8473344103392568	0.7108188939645164	0.8473344103392568
486	0.9209276524514862	0.9198660247104191	0.8493757551349175	0.8493223297065483	0.8624161073825504	0.8303715670436187	0.698717645081689	0.8303715670436187
487	0.9220935438036475	0.9193519200100284	0.8538058799838905	0.8537490835717669	0.8679562657695542	0.8336025848142165	0.7075768985071751	0.8336025848142165
488	0.9246374836989314	0.9226604074685424	0.8582360048328634	0.8581712958457417	0.8747884940778342	0.8352180936995154	0.7164336966635824	0.8352180936995154
489	0.9249103035729347	0.9228170731573254	0.8542086186065244	0.8541552315887135	0.8674496644295302	0.8352180936995154	0.7083844586084798	0.8352180936995154
490	0.924486637989762	0.9220103132961762	0.8538058799838905	0.853746812776145	0.8685762426284751	0.8327948303715671	0.7075755702871559	0.8327948303715671
491	0.9242336064776067	0.9210147676918246	0.8517921868707209	0.8517433222388747	0.8637123745819398	0.8344103392568659	0.7035537448018152	0.8344103392568659
492	0.9228270107895231	0.9202408354284521	0.8538058799838905	0.8537627083454984	0.8642797668609492	0.8384491114701131	0.7075848675739149	0.8384491114701131
493	0.9225305097611772	0.9201266309496833	0.8534031413612565	0.8533883514672584	0.8564437194127243	0.8481421647819063	0.7067959628046517	0.8481421647819063
494	0.9220711602468029	0.9193570216718381	0.8538058799838905	0.8537808747104736	0.8594905505341003	0.8449111470113085	0.707595492320614	0.8449111470113085
495	0.92029734446672	0.9194079490621038	0.851389448248087	0.8513871317256101	0.85125303152789	0.8505654281098546	0.7027758593115645	0.8505654281098546
496	0.923378489726272	0.9213778110116972	0.8550140958517922	0.8549834231919601	0.8622112211221122	0.8441033925686591	0.7100087657886387	0.8441033925686591
497	0.9255389895608281	0.9235787049251889	0.8542086186065244	0.8542120014792611	0.8526570048309179	0.8554119547657512	0.7084175682724723	0.8554119547657512
498	0.924248853248211	0.9217420665425224	0.8538058799838905	0.8537581667542544	0.8654970760233918	0.8368336025848142	0.7075822112665958	0.8368336025848142
499	0.9252518961143443	0.9226897000061628	0.8530004027386227	0.8529799326546899	0.8574938574938575	0.845718901453958	0.7059871189011779	0.845718901453958
