Epoch	AUC_dev	PR_AUC	ACC	BACC	PREC	TPR	KAPPA	RECALL
0	0.7128484117097478	0.7287864829064635	0.6198147402335884	0.6181511470985155	0.8226164079822617	0.3004048582995951	0.23708618238440182	0.3004048582995951
1	0.7767349216235856	0.7930558038052461	0.6472009665726943	0.6455549932523617	0.8910675381263616	0.3311740890688259	0.292065802389737	0.3311740890688259
2	0.8052300685144815	0.8209127856909997	0.6967378171566653	0.6954706477732794	0.877742946708464	0.4534412955465587	0.3919280577364569	0.4534412955465587
3	0.8162378023461019	0.8295473608912223	0.7156665324204591	0.7146676788124157	0.8457516339869281	0.5238866396761134	0.430188041411367	0.5238866396761134
4	0.8230237205439634	0.837497488791117	0.7168747482883608	0.7158274291497976	0.8584905660377359	0.5157894736842106	0.43255418865978945	0.5157894736842106
5	0.8298887937298868	0.8418126271368839	0.7313733387031817	0.7305119770580297	0.8421686746987952	0.5659919028340081	0.46181272838645626	0.5659919028340081
6	0.8363671753347866	0.8466102440458138	0.7301651228352799	0.729213056680162	0.8589580686149937	0.5473684210526316	0.4592938750676041	0.5473684210526316
7	0.8500616370808678	0.8571947229866315	0.7374144180426903	0.7365047233468286	0.8612143742255266	0.562753036437247	0.47386476940496514	0.562753036437247
8	0.8488639312778989	0.8569762291984375	0.743455497382199	0.7426830296896085	0.8428899082568807	0.5951417004048583	0.4861102311652876	0.5951417004048583
9	0.856611387937299	0.8618881908894029	0.7559403946838502	0.7552505060728745	0.845225027442371	0.6234817813765182	0.5111995135052957	0.6234817813765182
10	0.8642122132253711	0.8686752931849662	0.7672170761175997	0.7666329284750337	0.841831425598335	0.6550607287449393	0.5338827761499034	0.6550607287449393
11	0.8630819838056679	0.8676535191545516	0.778896496173983	0.7783738191632928	0.8464646464646465	0.6785425101214575	0.5573234828496043	0.6785425101214575
12	0.8627997508564311	0.8658381542340728	0.7648006443817962	0.7641194331983806	0.8557377049180328	0.6340080971659919	0.5289527027027028	0.6340080971659919
13	0.8657985570434963	0.8689622825462611	0.7728554168344745	0.7723093792172739	0.8426966292134831	0.6680161943319838	0.5452073763847609	0.6680161943319838
14	0.869367019620056	0.8726850138049065	0.7768828030608136	0.7763200067476383	0.850669412976313	0.668825910931174	0.5532559867598879	0.668825910931174
15	0.8723917782622237	0.8752887294594939	0.7768828030608136	0.7762778340080971	0.8580441640378549	0.6607287449392713	0.5532182607373879	0.6607287449392713
16	0.8757013650991383	0.8802042043125287	0.7869512686266613	0.7865089406207828	0.8433852140077821	0.7020242914979757	0.5735185490032206	0.7020242914979757
17	0.8806748287137962	0.8822706484362575	0.7861457913813935	0.7856190958164642	0.8562753036437247	0.6850202429149798	0.5718338518953194	0.6850202429149798
18	0.8837732274473166	0.8872195071584691	0.7958115183246073	0.79542004048583	0.8460076045627376	0.7206477732793523	0.5912964205674927	0.7206477732793523
19	0.8833683691477214	0.8869257007914962	0.7946033024567056	0.7941422064777328	0.8557409224730128	0.7060728744939271	0.5888207881673589	0.7060728744939271
20	0.8894165888093014	0.8908972116872141	0.7958115183246073	0.7953652159244264	0.854775828460039	0.7101214574898785	0.5912515670441643	0.7101214574898785
21	0.8875493096646943	0.8887669883590334	0.7885622231171969	0.7880693319838057	0.853585657370518	0.6939271255060728	0.5767004799716322	0.6939271255060728
22	0.8920014533374858	0.8932107132072472	0.7958115183246073	0.7953567813765182	0.8561643835616438	0.708502024291498	0.5912446656282846	0.708502024291498
23	0.893225111595557	0.8946110803981279	0.7937978252114378	0.7933324898785425	0.855457227138643	0.7044534412955465	0.5872048357548691	0.7044534412955465
24	0.8931232482092807	0.8953070418047029	0.8022553362867499	0.8018893387314441	0.849624060150376	0.7319838056680162	0.6042144090078456	0.7319838056680162
25	0.8950875246548324	0.8964248202858545	0.8058799838904551	0.8055204116059379	0.8528584817244611	0.7368421052631579	0.6114740538168069	0.7368421052631579
26	0.898404572822589	0.8983452098469089	0.8078936770036247	0.8075953103913631	0.8458029197080292	0.7506072874493928	0.6155514577117998	0.7506072874493928
27	0.8975695525796741	0.8977964113567851	0.8070881997583568	0.8067729419703105	0.8474264705882353	0.7465587044534413	0.6139264810759031	0.7465587044534413
28	0.8960941555071109	0.8967222697589612	0.8135320177204994	0.8131874156545209	0.8594040968342644	0.7473684210526316	0.6268004169497676	0.7473684210526316
29	0.8999714522993876	0.8992188358068197	0.8111155859846959	0.8107877867746289	0.8539741219963032	0.7481781376518218	0.6219768997370942	0.7481781376518218
30	0.903189232326378	0.9026120439418455	0.8191703584373742	0.8189482118758435	0.8471731448763251	0.7765182186234818	0.6381736331149243	0.7765182186234818
31	0.9045488165680474	0.9035976423999506	0.8135320177204994	0.8132085020242915	0.8560885608856088	0.751417004048583	0.6268161658275977	0.751417004048583
32	0.904631215612997	0.904300882336809	0.8139347563431333	0.8135374493927126	0.8684461391801716	0.7376518218623481	0.6275671706044721	0.7376518218623481
33	0.9060553565867331	0.9055590654452826	0.8231977446637132	0.8229672739541161	0.8528368794326241	0.7789473684210526	0.6462261563711695	0.7789473684210526
34	0.9075255631682757	0.9062455919583879	0.815142972211035	0.8147688933873144	0.8660377358490566	0.7433198380566801	0.6300027432526536	0.7433198380566801
35	0.9075936883629192	0.9066960526097431	0.8215867901731776	0.8213562753036437	0.851063829787234	0.7773279352226721	0.6430027044930025	0.7773279352226721
36	0.908866007474307	0.9079508095613962	0.8248086991542489	0.8245234480431849	0.8629764065335753	0.7700404858299595	0.6494111491347627	0.7700404858299595
37	0.9091278028651509	0.9082932000972863	0.8215867901731776	0.8212761470985155	0.863302752293578	0.7619433198380566	0.6429454583816858	0.7619433198380566
38	0.9076864683899097	0.9069371011302955	0.8119210632299637	0.8116228070175439	0.8503649635036497	0.7546558704453441	0.6236111755794769	0.7546558704453441
39	0.9120529689608636	0.9104509892314235	0.8260169150221506	0.8257127192982456	0.8673376029277219	0.7676113360323886	0.6518157803677977	0.7676113360323886
40	0.9129334060002078	0.9122612443651501	0.8240032219089811	0.8237095141700405	0.8633879781420765	0.7676113360323886	0.6477933016292308	0.7676113360323886
41	0.910218779196512	0.9092036793322789	0.8171566653242046	0.8169956140350877	0.8363479758828596	0.7862348178137651	0.6341891447229652	0.7862348178137651
42	0.9154293833696666	0.9123389160699708	0.8240032219089811	0.8237432523616735	0.8581687612208259	0.7740890688259109	0.6478170793969595	0.7740890688259109
43	0.9136315270424582	0.9106639266370341	0.8276278695126863	0.8274460188933873	0.8505647263249348	0.7927125506072874	0.6551241161680083	0.7927125506072874
44	0.9100734454479394	0.9089484447823616	0.8183648811921064	0.8181806680161943	0.8408695652173913	0.7829959514170041	0.6365895331913008	0.7829959514170041
45	0.9141992369978199	0.9125833790842159	0.8292388240032219	0.8290991902834008	0.8462852263023057	0.8024291497975709	0.6583760799136069	0.8024291497975709
46	0.9139092183120524	0.9108577113665574	0.833266210229561	0.8332110323886639	0.8389760528488852	0.8226720647773279	0.6664895232310963	0.8226720647773279
47	0.9136217948717948	0.9104113276061455	0.8248086991542489	0.8245571862348178	0.8577817531305904	0.7765182186234818	0.6494348172807939	0.7765182186234818
48	0.915765467663241	0.9120389211495685	0.828836085380588	0.8286395074224022	0.8540209790209791	0.7910931174089069	0.6575313569225707	0.7910931174089069
49	0.9160613256514064	0.9132488022832976	0.824405960531615	0.824198717948718	0.8507462686567164	0.7846153846153846	0.6486600513028216	0.7846153846153846
50	0.9149612659607599	0.9115958962890418	0.8256141763995167	0.825400641025641	0.8529929577464789	0.7846153846153846	0.6510731116652111	0.7846153846153846
51	0.9142248650472335	0.9111027074891241	0.819975835682642	0.8198001012145748	0.841421143847487	0.7862348178137651	0.6398187640008606	0.7862348178137651
52	0.9178792951313194	0.9145540775392573	0.8280306081353201	0.8279689608636978	0.8344370860927153	0.8161943319838056	0.65601261952061	0.8161943319838056
53	0.9174056628257032	0.9140847985289	0.8240032219089811	0.8238191632928475	0.8469565217391304	0.7886639676113361	0.6478705676376906	0.7886639676113361
54	0.9146345894321602	0.9108427856918923	0.8248086991542489	0.8246837044534413	0.8395585738539898	0.8008097165991903	0.6495235443742802	0.8008097165991903
55	0.917869562960656	0.9163592701238245	0.828836085380588	0.8286605937921727	0.8509532062391681	0.7951417004048583	0.6575458046988049	0.7951417004048583
56	0.9200103161009031	0.9200976125468399	0.8324607329842932	0.8322537112010796	0.8595258999122037	0.7927125506072874	0.6647765627109491	0.7927125506072874
57	0.9185281065088757	0.9157911294324466	0.8300443012484897	0.8299299932523616	0.8436179205409975	0.8080971659919028	0.6600047243828775	0.8080971659919028
58	0.9185702792484169	0.9161983185932309	0.8308497784937575	0.8306553643724697	0.8558951965065502	0.7935222672064778	0.6615618276167574	0.7935222672064778
59	0.91864910983079	0.9152851174446344	0.8296415626258559	0.8294956140350878	0.8476027397260274	0.8016194331983806	0.6591774835163444	0.8016194331983806
60	0.9197614969376103	0.9171655814477404	0.8272251308900523	0.8270791160593791	0.8450342465753424	0.7991902834008097	0.6543431215804061	0.7991902834008097
61	0.920139105159348	0.9174947820351255	0.8304470398711237	0.830267375168691	0.8532986111111112	0.7959514170040486	0.6607660407446939	0.7959514170040486
62	0.9192113048894426	0.9164341918867213	0.8252114377768828	0.8250337381916328	0.8473547267996531	0.7910931174089069	0.6502923581872948	0.7910931174089069
63	0.9187564881137754	0.9156353042767452	0.8328634716069271	0.8328019568151147	0.8394039735099338	0.8210526315789474	0.6656797121804523	0.8210526315789474
64	0.9241802268244577	0.9219891263644281	0.8393072895690696	0.8392206477732793	0.8494983277591973	0.8226720647773279	0.6785528996418946	0.8226720647773279
65	0.9208385238243538	0.9192207323507454	0.8328634716069271	0.832742914979757	0.847457627118644	0.8097165991902834	0.665640225254677	0.8097165991902834
66	0.9212771203155818	0.9206612639883048	0.8304470398711237	0.8303137651821861	0.8466780238500852	0.8048582995951417	0.6607975229795114	0.8048582995951417
67	0.9219314465898476	0.9194303784918898	0.8280306081353201	0.8279099190283401	0.8423728813559322	0.8048582995951417	0.6559719908042099	0.8048582995951417
68	0.9230866552475865	0.9200355719689359	0.838099073701168	0.8380313765182186	0.845643153526971	0.8251012145748988	0.6761482981146401	0.8251012145748988
69	0.9196401692100074	0.9181690148054781	0.8292388240032219	0.829213056680162	0.8310204081632653	0.8242914979757086	0.6584538821643963	0.8242914979757086
70	0.921623585591197	0.9189703553146539	0.8284333467579541	0.8282515182186235	0.8514335360556038	0.7935222672064778	0.6567356857186251	0.7935222672064778
71	0.9210497119277484	0.9193333464790036	0.8328634716069271	0.8327724358974359	0.8433835845896147	0.8153846153846154	0.6656599698834565	0.8153846153846154
72	0.9244352096958371	0.9226318163561268	0.838099073701168	0.8380862010796222	0.8383428107229894	0.8356275303643724	0.676183808768704	0.8356275303643724
73	0.9224216235855911	0.9205493963668159	0.8389045509464358	0.8388959176788124	0.8386050283860503	0.8372469635627531	0.6777975522735515	0.8372469635627531
74	0.9207742914979757	0.918567725545906	0.8320579943616593	0.8319205465587045	0.8489761092150171	0.805668016194332	0.6640175147749275	0.805668016194332
75	0.9219307977784699	0.919517394454946	0.837696335078534	0.8376265182186236	0.845514950166113	0.8242914979757086	0.6753413275183581	0.8242914979757086
76	0.921041601785529	0.9172471300579867	0.8344744260974627	0.8344340418353576	0.8382594417077176	0.8267206477732794	0.6689160407080468	0.8267206477732794
77	0.9215963355133394	0.9189443947641257	0.8348771647200967	0.8348599865047234	0.8356387306753458	0.8315789473684211	0.6697369197938545	0.8315789473684211
78	0.9245065789473684	0.9229563953208887	0.8437374144180427	0.8437078272604588	0.8462796402289452	0.8380566801619433	0.6874504445231708	0.8380566801619433
79	0.9221011107650783	0.9197561698752431	0.837696335078534	0.8376180836707152	0.8466666666666667	0.8226720647773279	0.6753358500115992	0.8226720647773279
80	0.9203476980172323	0.9180243890777615	0.8385018123238018	0.8384699730094467	0.8412438625204582	0.8323886639676114	0.6769770609893424	0.8323886639676114
81	0.9233734298764664	0.9217285473371359	0.8324607329842932	0.8323633603238867	0.8438287153652393	0.8137651821862348	0.6648500902664125	0.8137651821862348
82	0.9220281194851034	0.9198252725521222	0.8328634716069271	0.8327302631578948	0.8492333901192505	0.8072874493927126	0.6656317625570005	0.8072874493927126
83	0.923928163604277	0.9215493803613879	0.8397100281917036	0.8396002024291498	0.8531645569620253	0.8186234817813766	0.6793436537731472	0.8186234817813766
84	0.9225796091560261	0.91871872367727	0.8348771647200967	0.8347798582995951	0.8463476070528967	0.8161943319838056	0.6696839831952623	0.8161943319838056
85	0.9215557848022424	0.9181645040736361	0.8385018123238018	0.8384151484480431	0.8486622073578596	0.8218623481781376	0.6769416359809517	0.8218623481781376
86	0.9221098697186754	0.9181759967295587	0.8340716874748288	0.8339617071524966	0.8472573839662447	0.8129554655870446	0.6680642848103935	0.8129554655870446
87	0.9222052449911763	0.9192584623413718	0.838099073701168	0.8381030701754386	0.8361581920903954	0.8388663967611336	0.6761947335571262	0.8388663967611336
88	0.9243706529637704	0.9214071398027546	0.8461538461538461	0.8461538461538461	0.8447857720291027	0.8461538461538461	0.6923018530545457	0.8461538461538461
89	0.9227946901276861	0.920820101639325	0.8356826419653645	0.8355516194331984	0.8519148936170213	0.8105263157894737	0.6712730954188812	0.8105263157894737
90	0.9239434106716494	0.9222324949434315	0.8417237213048732	0.8415949730094467	0.8579931972789115	0.8170040485829959	0.6833599790771152	0.8170040485829959
91	0.9218730535658674	0.921762113091906	0.8336689488521949	0.8336201079622132	0.8385502471169687	0.8242914979757086	0.6672993137887548	0.8242914979757086
92	0.9241597892660645	0.922567518760651	0.8389045509464358	0.838845310391363	0.8453267162944582	0.8275303643724696	0.6777649371135499	0.8275303643724696
93	0.9239119433198381	0.9216270312251756	0.842529198550141	0.8424890350877192	0.8464696223316913	0.8348178137651822	0.6850271822794314	0.8348178137651822
94	0.9249886458008929	0.9216252419306216	0.8368908578332662	0.8367619770580297	0.8528911564625851	0.8121457489878543	0.6736915814916835	0.8121457489878543
95	0.9261795390843975	0.9231757930990905	0.8441401530406766	0.8440156882591093	0.8599320882852292	0.8202429149797571	0.6881968084433252	0.8202429149797571
96	0.927643906363542	0.924942715029188	0.8457511075312123	0.8457405533063428	0.8457792207792207	0.8437246963562753	0.6914898552191534	0.8437246963562753
97	0.9266440880307277	0.9247444985391529	0.8429319371727748	0.8428685897435897	0.8500414250207126	0.8307692307692308	0.6858181634133584	0.8307692307692308
98	0.92491241046403	0.9219303309702954	0.8405155054369714	0.8404731781376518	0.8447000821692687	0.8323886639676114	0.6809980514715186	0.8323886639676114
99	0.9247038176061456	0.9223985643408313	0.8449456302859444	0.8448886639676113	0.8512396694214877	0.8340080971659919	0.6898500601024906	0.8340080971659919
100	0.923929461227032	0.9203669433527123	0.8413209826822392	0.8412112010796222	0.8548523206751055	0.8202429149797571	0.6825663306196482	0.8202429149797571
101	0.9240310002076197	0.9224495912612707	0.8360853805879984	0.8359269568151148	0.8562822719449226	0.805668016194332	0.6720608149438719	0.805668016194332
102	0.9243291290356068	0.9223106122682014	0.8348771647200967	0.8347967273954116	0.8440366972477065	0.8194331983805668	0.6696951291525367	0.8194331983805668
103	0.9264458761548842	0.9236814495271919	0.8372935964559001	0.8372680499325236	0.8391836734693877	0.8323886639676114	0.674564548100038	0.8323886639676114
104	0.9250674763832659	0.9216468061510765	0.8417237213048732	0.841641363022942	0.8514190317195326	0.8259109311740891	0.6833893615316156	0.8259109311740891
105	0.9236725319215198	0.920096840509085	0.8401127668143374	0.8400978407557356	0.8406504065040651	0.8372469635627531	0.6802100246715729	0.8372469635627531
106	0.924989943423648	0.9208059774206636	0.8401127668143374	0.8400598852901484	0.8457095709570958	0.8299595141700404	0.6801857467618738	0.8299595141700404
107	0.9254360012457178	0.921527140744936	0.842529198550141	0.842518556005398	0.8425324675324676	0.8404858299595142	0.6850457790879607	0.8404858299595142
108	0.9274385575625456	0.9241368266936585	0.8429319371727748	0.8428643724696356	0.8506224066390041	0.8299595141700404	0.6858155130962925	0.8299595141700404
109	0.9276182783141284	0.9243165432089274	0.8457511075312123	0.8456266869095816	0.8616298811544991	0.8218623481781376	0.6914195804490789	0.8218623481781376
110	0.92462563583515	0.9215627953407637	0.8405155054369714	0.8403466599190283	0.8625756266205704	0.8080971659919028	0.68091730579391	0.8080971659919028
111	0.9250285477006124	0.9219285613737139	0.8461538461538461	0.8460821524966262	0.8545303408146301	0.8323886639676114	0.692257727088676	0.8323886639676114
112	0.9239567113048894	0.9226200615725462	0.8352799033427306	0.8351509784075574	0.8511904761904762	0.8105263157894737	0.6704687822965397	0.8105263157894737
113	0.923254048582996	0.9212656599818041	0.8328634716069271	0.8327513495276653	0.8462837837837838	0.8113360323886639	0.6656458668151466	0.8113360323886639
114	0.9223836681200042	0.9205218509568156	0.8417237213048732	0.8417257085020242	0.840064620355412	0.8421052631578947	0.6834427702078668	0.8421052631578947
115	0.9239515208138691	0.9215028858920485	0.8385018123238018	0.8383476720647773	0.8582474226804123	0.8089068825910931	0.6768980253027855	0.8089068825910931
116	0.9249662618083672	0.9223839940195425	0.8417237213048732	0.841641363022942	0.8514190317195326	0.8259109311740891	0.6833893615316156	0.8259109311740891
117	0.9224261652652341	0.9213565897805294	0.8364881192106323	0.8364414642375169	0.8411522633744856	0.8275303643724696	0.6729396878954028	0.8275303643724696
118	0.9243768166718571	0.9231810151425158	0.8405155054369714	0.840515350877193	0.8391269199676638	0.8404858299595142	0.6810249576167542	0.8404858299595142
119	0.9229010951936053	0.9193297066796112	0.8385018123238018	0.8384531039136303	0.8434925864909391	0.8291497975708502	0.6769661618142633	0.8291497975708502
120	0.9241656285684625	0.9217600665517446	0.8449456302859444	0.8450109649122808	0.8351735015772871	0.8574898785425101	0.6899259128073438	0.8574898785425101
121	0.9226931511470984	0.9207082258021936	0.8364881192106323	0.8364498987854251	0.8400328137817884	0.8291497975708502	0.672945205479452	0.8291497975708502
122	0.9252468727291603	0.9246641529347545	0.8324607329842932	0.8324519230769232	0.8321167883211679	0.8307692307692308	0.6649094543644936	0.8307692307692308
123	0.9263384978718987	0.9252180174157608	0.842126459927507	0.8421347840755735	0.8396454472199839	0.8437246963562753	0.6842522540758922	0.8437246963562753
124	0.9256407012353368	0.9245325454115971	0.8401127668143374	0.8400514507422402	0.8468543046357616	0.8283400809716599	0.6801803511702158	0.8283400809716599
125	0.9269438388871586	0.924766339657905	0.8409182440596054	0.8408527327935222	0.8482587064676617	0.8283400809716599	0.6817888490073432	0.8283400809716599
126	0.9253234324717119	0.9232888502812182	0.837696335078534	0.8376307354925776	0.8449419568822554	0.8251012145748988	0.6753440662024286	0.8251012145748988
127	0.9253617123429877	0.9227641396039253	0.8417237213048732	0.8415738866396761	0.8610634648370498	0.8129554655870446	0.6833466216130706	0.8129554655870446
128	0.9258716780857469	0.9240732780531058	0.8405155054369714	0.8404267881241565	0.8510460251046025	0.8234817813765182	0.6809684494685337	0.8234817813765182
129	0.924273331257137	0.9221982654232466	0.8336689488521949	0.833502024291498	0.8549222797927462	0.8016194331983806	0.6672207152288825	0.8016194331983806
130	0.9257503503581439	0.9235023937624791	0.842126459927507	0.8420673076923078	0.8486352357320099	0.8307692307692308	0.6842096383712789	0.8307692307692308
131	0.925489852590055	0.9229450967700426	0.837696335078534	0.8375843454790823	0.8513513513513513	0.8161943319838056	0.6753139381361545	0.8161943319838056
132	0.9254690906259733	0.9229798397855775	0.8453483689085783	0.8453441295546559	0.8445344129554656	0.8445344129554656	0.6906882591093118	0.8445344129554656
133	0.9231100124571784	0.9208449757546362	0.8409182440596054	0.8409370782726047	0.8370786516853933	0.8445344129554656	0.6818425258612328	0.8445344129554656
134	0.9240413811896604	0.921847310833192	0.8417237213048732	0.841603407557355	0.8567796610169491	0.8186234817813766	0.6833653217472002	0.8186234817813766
135	0.9242707360116267	0.9215232641189637	0.8405155054369714	0.8404183535762483	0.852225020990764	0.8218623481781376	0.6809630666959119	0.8218623481781376
136	0.925017517907194	0.9214311907484417	0.842529198550141	0.8424384278002699	0.8534338358458962	0.8251012145748988	0.684995296926341	0.8251012145748988
137	0.9239541160593792	0.9204166027913832	0.8405155054369714	0.8404310053981107	0.8504594820384294	0.8242914979757086	0.680971140786732	0.8242914979757086
138	0.9212985310910412	0.9177418543391361	0.8348771647200967	0.8347714237516869	0.8475147430497051	0.8145748987854251	0.6696784099345346	0.8145748987854251
139	0.9232615099138379	0.9197787719679108	0.8344744260974627	0.834412955465587	0.8410596026490066	0.8226720647773279	0.6689020764003999	0.8226720647773279
140	0.9213591949548428	0.9188330583405234	0.8352799033427306	0.8352479757085021	0.8379705400981997	0.8291497975708502	0.6705327130789054	0.8291497975708502
141	0.9223917782622237	0.9183712995489294	0.8364881192106323	0.8363866396761133	0.8486122792262405	0.8170040485829959	0.6729038190607153	0.8170040485829959
142	0.9241640065400186	0.9206195452678522	0.8356826419653645	0.8355895748987854	0.8466051969823973	0.8178137651821862	0.6712980538050768	0.8178137651821862
143	0.9271767621717014	0.92364429441407	0.8429319371727748	0.8428643724696356	0.8506224066390041	0.8299595141700404	0.6858155130962925	0.8299595141700404
144	0.9253993434028858	0.9218211172010478	0.8401127668143374	0.8400894062078272	0.8417618270799347	0.8356275303643724	0.6802046298990767	0.8356275303643724
145	0.9254531947472232	0.9271093603903836	0.8417237213048732	0.841679318488529	0.8462171052631579	0.8331983805668016	0.6834133976659735	0.8331983805668016
146	0.9249536099865048	0.9281739229563825	0.8405155054369714	0.8404267881241565	0.8510460251046025	0.8234817813765182	0.6809684494685337	0.8234817813765182
147	0.9282369199626285	0.9284952731017677	0.8546113572291583	0.8545082658569501	0.8678451178451179	0.8348178137651822	0.7091570950719821	0.8348178137651822
148	0.9298452584864529	0.92883950013752	0.846959323399114	0.8468834345479083	0.8559533721898418	0.8323886639676114	0.6938663607298617	0.8323886639676114
149	0.929969791342261	0.9254546189369304	0.8401127668143374	0.8401062753036437	0.839546191247974	0.8388663967611336	0.6802154192620582	0.8388663967611336
150	0.9298700560573032	0.926373229039438	0.8449456302859444	0.844876012145749	0.8529900332225914	0.8315789473684211	0.6898422111527738	0.8315789473684211
151	0.9294183016713381	0.9289322877049632	0.8441401530406766	0.8440283400809716	0.8581081081081081	0.8226720647773279	0.6882046998974982	0.8226720647773279
152	0.931978407557357	0.9271884002490006	0.8473620620217479	0.847347334682861	0.8479674796747968	0.8445344129554656	0.69470931826329	0.8445344129554656
153	0.9286329154988061	0.9301446201908426	0.8493757551349175	0.8492830634278004	0.8608549874266554	0.8315789473684211	0.6986898826546537	0.8315789473684211
154	0.927044949652237	0.9299442375814673	0.8393072895690696	0.8391363022941971	0.8615916955017301	0.8064777327935223	0.6784986563505891	0.8064777327935223
155	0.9266969661579986	0.9280661208419148	0.8485702778896497	0.8484902159244265	0.8582151793160967	0.8331983805668016	0.6970862647837897	0.8331983805668016
156	0.9222600695525797	0.9197016973450354	0.842126459927507	0.8420841767881242	0.8463434675431388	0.8340080971659919	0.6842202933758467	0.8340080971659919
157	0.9231285035814388	0.9206980591701455	0.8389045509464358	0.8388579622132253	0.8436213991769548	0.8299595141700404	0.6777730915225644	0.8299595141700404
158	0.92361673414305	0.9209399987850199	0.842529198550141	0.8425354251012146	0.8403225806451613	0.8437246963562753	0.6850564048497627	0.8437246963562753
159	0.9258418327623793	0.9221833910592404	0.8441401530406766	0.8440578609986504	0.8539232053422371	0.8283400809716599	0.6882231117372397	0.8283400809716599
160	0.9225766895048271	0.9217380868866055	0.8340716874748288	0.8340207489878543	0.8392415498763397	0.8242914979757086	0.6681034846350454	0.8242914979757086
161	0.9268886899200665	0.9255019079321629	0.8441401530406766	0.8440578609986504	0.8539232053422371	0.8283400809716599	0.6882231117372397	0.8283400809716599
162	0.9264147332087614	0.9254393733334624	0.8489730165122835	0.8489372469635628	0.8524590163934426	0.8421052631578947	0.6979186436388942	0.8421052631578947
163	0.9252244887366345	0.9236388326262581	0.8441401530406766	0.8440494264507423	0.855108877721943	0.8267206477732794	0.6882178514334885	0.8267206477732794
164	0.9249500415239282	0.9232821730994549	0.8445428916633105	0.8445344129554656	0.8442822384428224	0.8429149797570851	0.6890746379439773	0.8429149797570851
165	0.9248712109415551	0.9214949155028864	0.8429319371727748	0.8427715924426451	0.8639104220499569	0.8121457489878543	0.6857571948060714	0.8121457489878543
166	0.9246441269594102	0.9222957418277706	0.8429319371727748	0.8428095479082321	0.8583545377438507	0.8194331983805668	0.6857810549050045	0.8194331983805668
167	0.922266882072044	0.9191590300745291	0.8389045509464358	0.8388495276653172	0.8447563996696945	0.8283400809716599	0.6777676552957452	0.8283400809716599
168	0.9220397980898992	0.9213993381051988	0.8389045509464358	0.8387483130904183	0.8589853826311264	0.8089068825910931	0.6777024062637103	0.8089068825910931
169	0.9242564621613204	0.9224766709546395	0.842529198550141	0.8425480769230769	0.8386837881219904	0.8461538461538461	0.6850643737006128	0.8461538461538461
170	0.9251793963458943	0.9224303461071125	0.8433346757954088	0.843239709851552	0.8548657718120806	0.8251012145748988	0.6866039303686144	0.8251012145748988
171	0.9253023461019412	0.9223305923867233	0.8417237213048732	0.8415612348178138	0.8629310344827587	0.8105263157894737	0.6833386065936847	0.8105263157894737
172	0.9256588679539083	0.9232192958526068	0.8437374144180427	0.8436825236167341	0.8497109826589595	0.8331983805668016	0.6874346256368729	0.8331983805668016
173	0.9263277924841691	0.9221815548913855	0.8445428916633105	0.8444416329284751	0.8570227081581161	0.8251012145748988	0.6890169314222564	0.8251012145748988
174	0.9241056135160387	0.921239513430671	0.838099073701168	0.8379554655870445	0.8562874251497006	0.8105263157894737	0.6760991166569642	0.8105263157894737
175	0.9214042873455829	0.9177063542142987	0.8449456302859444	0.8449055330634279	0.8489326765188834	0.8372469635627531	0.6898605247508467	0.8372469635627531
176	0.9248705621301774	0.923555846019673	0.8441401530406766	0.8439946018893387	0.863013698630137	0.8161943319838056	0.6881836551319747	0.8161943319838056
177	0.9250635835150005	0.9226057941971457	0.8457511075312123	0.8456730769230769	0.855	0.8307692307692308	0.6914482147752916	0.8307692307692308
178	0.9253039681303852	0.9229020140868804	0.8441401530406766	0.844040991902834	0.8563025210084033	0.8251012145748988	0.6882125909522303	0.8251012145748988
179	0.9261221192774836	0.9251507153907562	0.8437374144180427	0.8436698717948719	0.8514522821576763	0.8307692307692308	0.6874267155932346	0.8307692307692308
180	0.9276163318799958	0.9252194841142997	0.8501812323801853	0.8500885627530365	0.8616932103939648	0.8323886639676114	0.7003011667046288	0.8323886639676114
181	0.9284108014118135	0.9261817390493591	0.8405155054369714	0.840401484480432	0.8546069315300084	0.8186234817813766	0.6809523006057334	0.8186234817813766
182	0.9285691113879374	0.9256596586637902	0.8481675392670157	0.8481612685560054	0.8476499189627229	0.8469635627530364	0.6963254737072946	0.8469635627530364
183	0.9271595686701962	0.9252148454743967	0.846959323399114	0.8469045209176789	0.8530140379851362	0.8364372469635628	0.6938792725309579	0.8364372469635628
184	0.9256345375272499	0.9231767666552223	0.8397100281917036	0.8396465924426451	0.8467274233637117	0.8275303643724696	0.6793734077910685	0.8275303643724696
185	0.9279712317035191	0.9263112027468549	0.8505839710028191	0.8505735492577597	0.8506493506493507	0.848582995951417	0.7011559694159424	0.848582995951417
186	0.9267890973736116	0.925909023626796	0.8489730165122835	0.8488782051282051	0.860738255033557	0.8307692307692308	0.6978829662936514	0.8307692307692308
187	0.9264997274992215	0.9251975921659054	0.8441401530406766	0.8440325573549258	0.857504215851602	0.8234817813765182	0.6882073302934564	0.8234817813765182
188	0.9240014792899407	0.923303484655416	0.8409182440596054	0.8407979082321188	0.8559322033898306	0.8178137651821862	0.681753949338789	0.8178137651821862
189	0.9262499351188621	0.9243242641740844	0.8493757551349175	0.8493168016194332	0.8560794044665012	0.8380566801619433	0.6987102162011691	0.8380566801619433
190	0.9246541835357623	0.9235549244808074	0.8336689488521949	0.8335188933873144	0.8524871355060034	0.8048582995951417	0.6672319458681887	0.8048582995951417
191	0.9249111128412748	0.9226993180744943	0.8340716874748288	0.8338857962213225	0.8581375108790252	0.7983805668016194	0.6680138714277277	0.7983805668016194
192	0.9245448588186442	0.9216322821785691	0.8356826419653645	0.8355895748987854	0.8466051969823973	0.8178137651821862	0.6712980538050768	0.8178137651821862
193	0.9266813946849372	0.9254468813233103	0.8397100281917036	0.8396128542510122	0.8513853904282116	0.8210526315789474	0.679351769052962	0.8210526315789474
194	0.9259939790304161	0.9237299622516497	0.842126459927507	0.8420926113360323	0.8452088452088452	0.8356275303643724	0.6842256206085042	0.8356275303643724
195	0.9257331568566385	0.9245240231835182	0.838099073701168	0.8379554655870445	0.8562874251497006	0.8105263157894737	0.6760991166569642	0.8105263157894737
196	0.9278463355133395	0.9271044226253843	0.8437374144180427	0.84375	0.8407079646017699	0.8461538461538461	0.6874768057757835	0.8461538461538461
197	0.9280263806706116	0.9254771215802972	0.8493757551349175	0.8493168016194332	0.8560794044665012	0.8380566801619433	0.6987102162011691	0.8380566801619433
198	0.925957645593273	0.9239870751708731	0.8461538461538461	0.8461285425101215	0.8481632653061224	0.8412955465587044	0.6922862806292438	0.8412955465587044
199	0.9278129217273954	0.9246109788643333	0.8453483689085783	0.8451965249662619	0.8652360515021459	0.8161943319838056	0.6905969204809113	0.8161943319838056
200	0.9277503114294613	0.9252465091280829	0.8389045509464358	0.8387440958164643	0.859603789836348	0.8080971659919028	0.677699686980586	0.8080971659919028
201	0.927197848541472	0.9233400039861933	0.8485702778896497	0.848439608636977	0.865531914893617	0.8234817813765182	0.697055597738969	0.8234817813765182
202	0.9267806628257031	0.9228978022154348	0.8417237213048732	0.8416287112010796	0.8531879194630873	0.8234817813765182	0.6833813486757467	0.8234817813765182
203	0.9258051749195475	0.9224060914461384	0.8413209826822392	0.8411774628879892	0.8597091531223268	0.8137651821862348	0.6825449053802086	0.8137651821862348
204	0.924774862451988	0.9227389872102225	0.8453483689085783	0.8453694331983805	0.8412189254210104	0.8493927125506073	0.6907039117453571	0.8493927125506073
205	0.9243810339458113	0.9208330536890919	0.8453483689085783	0.8453989541160594	0.8374306106264869	0.8550607287449393	0.6907221711519486	0.8550607287449393
206	0.924871535347244	0.9217961844194456	0.8393072895690696	0.839317645074224	0.8365539452495975	0.8412955465587044	0.6786152568033164	0.8412955465587044
207	0.9228433509810029	0.9192489398279	0.8368908578332662	0.836884278002699	0.8363047001620746	0.8356275303643724	0.6737713974839638	0.8356275303643724
208	0.9258259368836291	0.9232931739215677	0.8364881192106323	0.8363992914979756	0.8468619246861925	0.8194331983805668	0.6729120971823856	0.8194331983805668
209	0.9250214107754594	0.9216757745573725	0.8433346757954088	0.8432734480431849	0.8501655629139073	0.8315789473684211	0.6866250796101108	0.8315789473684211
210	0.9243291290356068	0.9206996083735975	0.8433346757954088	0.8433029689608638	0.8461538461538461	0.8372469635627531	0.6866435828549979	0.8372469635627531
211	0.9275105756254541	0.9247189111972183	0.8397100281917036	0.8396128542510122	0.8513853904282116	0.8210526315789474	0.679351769052962	0.8210526315789474
212	0.9255667367382955	0.9220969801786554	0.8477648006443818	0.8477648448043185	0.8464025869037995	0.8477732793522267	0.695523823179629	0.8477732793522267
213	0.927281220803488	0.9243181373987912	0.8453483689085783	0.8452555668016195	0.856663872590109	0.8275303643724696	0.6906334624047782	0.8275303643724696
214	0.9256319422817398	0.9231927791464136	0.8417237213048732	0.8415991902834008	0.8573853989813243	0.8178137651821862	0.6833626504346946	0.8178137651821862
215	0.9242866318903769	0.9231301321600107	0.8453483689085783	0.8452513495276653	0.8572628043660789	0.8267206477732794	0.6906308525536116	0.8267206477732794
216	0.9238765830997613	0.9231688551004132	0.842126459927507	0.842113697705803	0.8424045491470349	0.8396761133603239	0.6842389379038107	0.8396761133603239
217	0.9265461175127165	0.9247334897251039	0.8417237213048732	0.8416751012145749	0.8467874794069192	0.8323886639676114	0.6834107271646022	0.8323886639676114
218	0.9267715794664175	0.9254376053504905	0.842529198550141	0.8424468623481781	0.8522537562604341	0.8267206477732794	0.6850006116001569	0.8267206477732794
219	0.9285859804837537	0.9270798682402658	0.8457511075312123	0.8456604251012145	0.8567839195979899	0.8283400809716599	0.6914404059406358	0.8283400809716599
220	0.9271680032181044	0.924985832826084	0.8401127668143374	0.8399966261808367	0.8544839255499154	0.8178137651821862	0.6801452753862832	0.8178137651821862
221	0.9274748909996885	0.9268963233444311	0.842126459927507	0.842042004048583	0.8521303258145363	0.8259109311740891	0.6841936545161589	0.8259109311740891
222	0.9254661709747742	0.9251375353420005	0.8445428916633105	0.8445386302294198	0.8437246963562753	0.8437246963562753	0.6890772604588393	0.8437246963562753
223	0.9267491954738918	0.9264790549662236	0.8429319371727748	0.8428938933873145	0.8465955701394585	0.8356275303643724	0.6858340643768135	0.8356275303643724
224	0.9242181822900446	0.9231148993367789	0.8324607329842932	0.8323675775978407	0.8432523051131601	0.8145748987854251	0.6648529176051763	0.8145748987854251
225	0.9257237490916641	0.9259673425883156	0.8417237213048732	0.841679318488529	0.8462171052631579	0.8331983805668016	0.6834133976659735	0.8331983805668016
226	0.9234532336759057	0.9213765754869168	0.8300443012484897	0.8298119095816464	0.8606921029281278	0.7854251012145749	0.6599243920139064	0.7854251012145749
227	0.9249847529326276	0.9244889560936308	0.8372935964559001	0.8372385290148447	0.8431048720066061	0.8267206477732794	0.6745453318487027	0.8267206477732794
228	0.9257007162877606	0.924669903614907	0.8340716874748288	0.8340165317139001	0.8398018166804294	0.8234817813765182	0.6681006849546176	0.8234817813765182
229	0.9243022033634383	0.9221749493654451	0.8393072895690696	0.8392206477732793	0.8494983277591973	0.8226720647773279	0.6785528996418946	0.8226720647773279
230	0.9244099060521126	0.9236781592498916	0.8372935964559001	0.8372343117408907	0.8436724565756824	0.8259109311740891	0.6745425864846855	0.8259109311740891
231	0.9257857105782207	0.9245054022016052	0.8385018123238018	0.8384826248313091	0.8395765472312704	0.8348178137651822	0.676985234888007	0.8348178137651822
232	0.9266194331983806	0.9242325663680552	0.8413209826822392	0.8410931174089069	0.8724534986713907	0.7975708502024291	0.682491329626098	0.7975708502024291
233	0.9224057277068411	0.9197078230809362	0.837696335078534	0.8376982118758435	0.8360258481421647	0.8380566801619433	0.6753878788645555	0.8380566801619433
234	0.9259333151666147	0.9242042911106628	0.842529198550141	0.842442645074224	0.8528428093645485	0.8259109311740891	0.6849979542856661	0.8259109311740891
235	0.9254846620990346	0.9237129068719659	0.842126459927507	0.8420293522267206	0.853904282115869	0.8234817813765182	0.6841856619818117	0.8234817813765182
236	0.9235430940516973	0.9215850655742497	0.8397100281917036	0.8395453778677463	0.8610871440897325	0.8080971659919028	0.6793084828133173	0.8080971659919028
237	0.9239463303228486	0.9219066141191047	0.8360853805879984	0.8359438259109312	0.8538461538461538	0.8089068825910931	0.6720718820526882	0.8089068825910931
238	0.9213527068410674	0.9181867498978163	0.8340716874748288	0.8339321862348179	0.8514090520922288	0.8072874493927126	0.668044681425486	0.8072874493927126
239	0.9242519204816777	0.9233356007703343	0.8389045509464358	0.8387525303643725	0.8583690987124464	0.8097165991902834	0.6777051255009492	0.8097165991902834
240	0.9236319812104224	0.9224223264414704	0.838099073701168	0.8380355937921727	0.8450704225352113	0.8259109311740891	0.6761510299799234	0.8259109311740891
241	0.9244290459877504	0.9220269555512652	0.8397100281917036	0.8395791160593793	0.8561702127659574	0.8145748987854251	0.6793301273939087	0.8145748987854251
242	0.9251501998339043	0.9232207067013993	0.8393072895690696	0.8391573886639676	0.8584905660377359	0.8105263157894737	0.678512218889606	0.8105263157894737
243	0.925981327208554	0.9244104636807147	0.8429319371727748	0.8428221997300944	0.8565400843881856	0.8218623481781376	0.6857890074661492	0.8218623481781376
244	0.9245458320357107	0.9225530559170225	0.8417237213048732	0.8415781039136303	0.860445205479452	0.8137651821862348	0.6833492931960363	0.8137651821862348
245	0.9268397046610609	0.9247556391811826	0.8445428916633105	0.8443868083670716	0.8650042992261393	0.8145748987854251	0.6889828220444805	0.8145748987854251
246	0.9250892115644139	0.9243647850123146	0.8401127668143374	0.8400219298245614	0.8509212730318257	0.8226720647773279	0.6801614651656198	0.8226720647773279
247	0.9241604380774421	0.9229718547489567	0.8413209826822392	0.8411816801619434	0.8590947907771136	0.8145748987854251	0.6825475836933046	0.8145748987854251
248	0.9258603238866396	0.9245613028200484	0.8465565847764801	0.8464532726045884	0.8594276094276094	0.8267206477732794	0.69304391474356	0.8267206477732794
249	0.9234649122807019	0.9218969872750902	0.8397100281917036	0.8395875506072874	0.8549618320610687	0.8161943319838056	0.6793355380825431	0.8161943319838056
250	0.9256565971140871	0.924041973679348	0.8433346757954088	0.8433114035087719	0.8450244698205547	0.8388663967611336	0.6866488690950652	0.8388663967611336
251	0.9256163708086785	0.9237577047552363	0.8445428916633105	0.8444711538461538	0.8528678304239401	0.8307692307692308	0.689035294911594	0.8307692307692308
252	0.9268929071940205	0.9256813238253137	0.8493757551349175	0.8492914979757085	0.8596491228070176	0.8331983805668016	0.6986949662985802	0.8331983805668016
253	0.9253347866708191	0.9231400146021791	0.842126459927507	0.8420209176788125	0.8550968828980623	0.8218623481781376	0.6841803334008234	0.8218623481781376
254	0.9246295287034154	0.9220509563490205	0.8457511075312123	0.8457279014844804	0.8474714518760196	0.8412955465587044	0.6914820484920565	0.8412955465587044
255	0.9242973372781065	0.9218801550947173	0.8413209826822392	0.8412955465587044	0.843265306122449	0.8364372469635628	0.6826198810678588	0.8364372469635628
256	0.9242246704038202	0.9234014436719135	0.8417237213048732	0.841679318488529	0.8462171052631579	0.8331983805668016	0.6834133976659735	0.8331983805668016
257	0.9228053955154156	0.9212624965028238	0.8385018123238018	0.8384488866396761	0.844059405940594	0.8283400809716599	0.6769634369055704	0.8283400809716599
258	0.923934002906675	0.9228034740118894	0.8457511075312123	0.8457321187584346	0.8469055374592834	0.8421052631578947	0.6914846507783209	0.8421052631578947
259	0.9250457412021178	0.9233171808940235	0.8401127668143374	0.8399671052631579	0.8587328767123288	0.8121457489878543	0.680126385238744	0.8121457489878543
260	0.9238425205024395	0.9218808080428659	0.8453483689085783	0.8453061740890688	0.8496302382908792	0.8372469635627531	0.6906647771845029	0.8372469635627531
261	0.9218071992110454	0.919247502706255	0.8401127668143374	0.8399586707152497	0.8599656357388317	0.8105263157894737	0.6801209876439048	0.8105263157894737
262	0.9233906233779716	0.9208390624902186	0.838099073701168	0.8379259446693657	0.8606060606060606	0.8048582995951417	0.6760799865001688	0.8048582995951417
263	0.9237902911865463	0.9208574441304459	0.842529198550141	0.8424342105263158	0.8540268456375839	0.8242914979757086	0.6849926395221806	0.8242914979757086
264	0.9246976538980587	0.9234218394981044	0.8413209826822392	0.8411437246963562	0.8647007805724197	0.8072874493927126	0.6825234772483737	0.8072874493927126
265	0.9257636509913838	0.9231550306361924	0.8521949254933548	0.8520622469635628	0.8696763202725724	0.8267206477732794	0.7043056791769138	0.8267206477732794
266	0.9269743330219039	0.9256461791597499	0.846959323399114	0.8468581309041836	0.8595458368376787	0.8275303643724696	0.6938508651307187	0.8275303643724696
267	0.9250898603757916	0.9226124688520361	0.8445428916633105	0.8444542847503373	0.8552301255230126	0.8275303643724696	0.689024801754682	0.8275303643724696
268	0.9249892946122704	0.922771094666235	0.842126459927507	0.8420504385964912	0.8509575353871773	0.8275303643724696	0.6841989826476469	0.8275303643724696
269	0.9229961460604172	0.921732521666946	0.837696335078534	0.8376054318488528	0.8484087102177554	0.8202429149797571	0.6753276334048988	0.8202429149797571
270	0.924571460085124	0.9229155163692091	0.8445428916633105	0.8444627192982457	0.854045037531276	0.8291497975708502	0.6890300484216565	0.8291497975708502
271	0.9233296351084812	0.921047214107938	0.8477648006443818	0.8477311066126856	0.8509418509418509	0.8412955465587044	0.6955032770153433	0.8412955465587044
272	0.9235135731340186	0.9212077426009787	0.8433346757954088	0.8432607962213226	0.8519134775374376	0.8291497975708502	0.6866171489790668	0.8291497975708502
273	0.9213844985985674	0.9192282642234397	0.8449456302859444	0.8448970985155195	0.8500823723228995	0.8356275303643724	0.689855292514941	0.8356275303643724
274	0.9236452818436625	0.9220058875467273	0.8473620620217479	0.8473599865047233	0.8462783171521036	0.8469635627530364	0.6947170431973548	0.8469635627530364
275	0.9259647825184264	0.9240589849371502	0.842529198550141	0.8423667341430499	0.8637931034482759	0.8113360323886639	0.6849501149570756	0.8113360323886639
276	0.9248212524654832	0.9248763076829204	0.8417237213048732	0.8416371457489878	0.8520066889632107	0.8251012145748988	0.6833866906247232	0.8251012145748988
277	0.9249221426346933	0.92484491303502	0.8385018123238018	0.8384024966261808	0.8504201680672269	0.8194331983805668	0.6769334598755667	0.8194331983805668
278	0.9251819915914046	0.9245842433719723	0.8409182440596054	0.8408569500674763	0.847682119205298	0.8291497975708502	0.6817915332801896	0.8291497975708502
279	0.9231216910619745	0.9215693616761615	0.8437374144180427	0.8436572199730095	0.8532110091743119	0.8283400809716599	0.6874188051492298	0.8283400809716599
280	0.9238026186027201	0.922449412868261	0.8385018123238018	0.8383814102564102	0.8533898305084746	0.8153846153846154	0.6769198321135554	0.8153846153846154
281	0.9230392920170247	0.921200219648879	0.8401127668143374	0.8400345816464238	0.8491666666666666	0.8251012145748988	0.6801695594407069	0.8251012145748988
282	0.9245020372677254	0.9224747667971608	0.837696335078534	0.8375084345479082	0.8623693379790941	0.8016194331983806	0.6752646256006547	0.8016194331983806
283	0.9258038772967923	0.9254719009504819	0.8368908578332662	0.8367113697705804	0.8602430555555556	0.8024291497975709	0.6736585427591473	0.8024291497975709
284	0.9250541757500261	0.9235801538942404	0.8433346757954088	0.8432987516869096	0.8467213114754099	0.8364372469635628	0.6866409396680795	0.8364372469635628
285	0.9238613360323887	0.9233867532462755	0.8437374144180427	0.8436445681511471	0.8549874266554903	0.8259109311740891	0.6874108943048279	0.8259109311740891
286	0.9239453571057822	0.923061698560201	0.8356826419653645	0.8355389676113361	0.853721129170231	0.8080971659919028	0.6712647751145309	0.8080971659919028
287	0.9255242395930655	0.9258104058356142	0.8393072895690696	0.839283906882591	0.8409461663947798	0.8348178137651822	0.6785935701000797	0.8348178137651822
288	0.9237208683691477	0.9240081433939369	0.8372935964559001	0.8371837044534413	0.850632911392405	0.8161943319838056	0.6745096385033956	0.8161943319838056
289	0.9257840885497768	0.9253705674477646	0.8445428916633105	0.8445175438596491	0.846530612244898	0.8396761133603239	0.6890641474421155	0.8396761133603239
290	0.9269204816775667	0.9261421936634051	0.8413209826822392	0.8412112010796222	0.8548523206751055	0.8202429149797571	0.6825663306196482	0.8202429149797571
291	0.9260838394062079	0.9252005024747222	0.8441401530406766	0.8440831646423752	0.8504132231404958	0.8331983805668016	0.6882388915835425	0.8331983805668016
292	0.9248822407349735	0.9238904437665999	0.8445428916633105	0.8445428475033738	0.8431689571544059	0.8445344129554656	0.6890798829294624	0.8445344129554656
293	0.9248731573756879	0.9237085464623013	0.8441401530406766	0.8440494264507423	0.855108877721943	0.8267206477732794	0.6882178514334885	0.8267206477732794
294	0.9252209202740579	0.9228011800926892	0.8413209826822392	0.8412154183535763	0.8542544229149115	0.8210526315789474	0.6825690085712357	0.8210526315789474
295	0.9259994939271255	0.9235912645185411	0.842529198550141	0.8423793859649122	0.8619210977701544	0.8137651821862348	0.6849580891875588	0.8137651821862348
296	0.9265240579258797	0.9252762778838314	0.8429319371727748	0.8427631578947368	0.8651685393258427	0.8105263157894737	0.6857518920697598	0.8105263157894737
297	0.929357741617357	0.9276128949738593	0.8481675392670157	0.8480558367071525	0.862331081081081	0.8267206477732794	0.696261425998338	0.8267206477732794
298	0.9269704401536385	0.9260521226496226	0.8489730165122835	0.8488992914979757	0.8577371048252912	0.8348178137651822	0.6978957091700515	0.8348178137651822
299	0.9257532700093429	0.9229118640479159	0.8477648006443818	0.8476973684210527	0.8556016597510373	0.8348178137651822	0.6954827280779451	0.8348178137651822
300	0.9258658387833488	0.9241702335028779	0.842529198550141	0.8423878205128206	0.8606837606837607	0.8153846153846154	0.684963405116956	0.8153846153846154
301	0.9256063142323264	0.9238957366564818	0.8473620620217479	0.8473346828609987	0.8496732026143791	0.8421052631578947	0.6947015929382689	0.8421052631578947
302	0.9244212602512198	0.9231229493322044	0.8385018123238018	0.8384362348178138	0.845771144278607	0.8259109311740891	0.6769552619036572	0.8259109311740891
303	0.9238976694695318	0.9217013284923433	0.8433346757954088	0.8431637989203778	0.865916955017301	0.8105263157894737	0.6865563341362886	0.8105263157894737
304	0.9243070694487698	0.9219847401879424	0.8433346757954088	0.843277665317139	0.8495867768595041	0.8323886639676114	0.6866277230645943	0.8323886639676114
305	0.9231375869407246	0.9223536081121474	0.8449456302859444	0.8449519230769231	0.842741935483871	0.8461538461538461	0.689889298892989	0.8461538461538461
306	0.9241815244472128	0.9240483685337891	0.8405155054369714	0.8404267881241565	0.8510460251046025	0.8234817813765182	0.6809684494685337	0.8234817813765182
307	0.9257075288072252	0.9242718692661996	0.8505839710028191	0.8505524628879892	0.853518821603928	0.8445344129554656	0.7011433656534813	0.8445344129554656
308	0.9280383836810961	0.9262428576260737	0.8453483689085783	0.8452176113360323	0.8621276595744681	0.8202429149797571	0.6906099721589471	0.8202429149797571
309	0.9270843065503996	0.926163015726341	0.8465565847764801	0.8464701417004048	0.8570234113712375	0.8299595141700404	0.6930542725903805	0.8299595141700404
310	0.9255709540122495	0.924018076217245	0.8413209826822392	0.8411142037786774	0.8691834942932397	0.8016194331983806	0.6825047252598893	0.8016194331983806
311	0.9241208605834113	0.9231206072015952	0.8473620620217479	0.8472798582995952	0.8572621035058431	0.8315789473684211	0.6946681120114053	0.8315789473684211
312	0.9255012067891624	0.924357470154822	0.8437374144180427	0.8435981781376518	0.8616567036720751	0.8170040485829959	0.6873818844492441	0.8170040485829959
313	0.9239498987854251	0.9220362199490618	0.8417237213048732	0.8416202766531714	0.8543771043771043	0.8218623481781376	0.6833760065465068	0.8218623481781376
314	0.9251930213848231	0.9246841837800039	0.8437374144180427	0.8436234817813766	0.8579881656804734	0.8218623481781376	0.6873977086743044	0.8218623481781376
315	0.9217124727499222	0.9211918964897221	0.842529198550141	0.8424679487179487	0.8493377483443708	0.8307692307692308	0.685013897500137	0.8307692307692308
316	0.9262051671338108	0.924980536468593	0.8457511075312123	0.8456351214574899	0.8604060913705583	0.8234817813765182	0.6914247870855075	0.8234817813765182
317	0.9251339795494653	0.9242266803581266	0.8401127668143374	0.8399164979757086	0.8662587412587412	0.8024291497975709	0.6800939969370836	0.8024291497975709
318	0.924853693034361	0.9236258644138927	0.8433346757954088	0.843281882591093	0.849009900990099	0.8331983805668016	0.6866303664744808	0.8331983805668016
319	0.9238655533063428	0.9226792292060509	0.8417237213048732	0.8416076248313091	0.856175972927242	0.8194331983805668	0.683367993014633	0.8194331983805668
320	0.926092273954116	0.923265795418702	0.8453483689085783	0.8452429149797571	0.8584667228306655	0.8251012145748988	0.690625632719174	0.8251012145748988
321	0.9254042094882176	0.9229718709385636	0.8401127668143374	0.8399797570850203	0.8568994889267462	0.8145748987854251	0.6801344812894681	0.8145748987854251
322	0.9258243148551853	0.9236595179462361	0.8485702778896497	0.8485197368421052	0.854080791426216	0.8388663967611336	0.697104151026158	0.8388663967611336
323	0.9249055979445656	0.9237906901823087	0.8417237213048732	0.841603407557355	0.8567796610169491	0.8186234817813766	0.6833653217472002	0.8186234817813766
324	0.9253497093325027	0.9244377830963794	0.8441401530406766	0.8440072537112011	0.8611584327086882	0.8186234817813766	0.68819154725195	0.8186234817813766
325	0.924300905740683	0.92291885595984	0.8433346757954088	0.8432650134952766	0.8513289036544851	0.8299595141700404	0.6866197925673481	0.8299595141700404
326	0.923796454894633	0.9218386642213576	0.8445428916633105	0.8443572874493928	0.8694516971279374	0.8089068825910931	0.6889644523570457	0.8089068825910931
327	0.9230104199107236	0.920582992938998	0.842126459927507	0.8420588731443994	0.8497925311203319	0.8291497975708502	0.6842043105993505	0.8291497975708502
328	0.9260896787086058	0.9242216649807327	0.8457511075312123	0.8456815114709851	0.8538205980066446	0.8323886639676114	0.6914534204454867	0.8323886639676114
329	0.923562558393024	0.9208668103996356	0.8401127668143374	0.8400177125506072	0.8515100671140939	0.8218623481781376	0.680158766982879	0.8218623481781376
330	0.9225851240527353	0.9196440858937578	0.8372935964559001	0.8371626180836708	0.8536170212765958	0.8121457489878543	0.6744959082088923	0.8121457489878543
331	0.9244556472542302	0.9216975308105841	0.842126459927507	0.8420335695006749	0.8533109807208717	0.8242914979757086	0.6841883262048778	0.8242914979757086
332	0.924787838679539	0.9217278206624181	0.8348771647200967	0.8347165991902834	0.8552971576227391	0.8040485829959514	0.6696421791551007	0.8040485829959514
333	0.9273373429876466	0.9251299921800448	0.8453483689085783	0.8452260458839407	0.8608990670059372	0.8218623481781376	0.6906151925218507	0.8218623481781376
334	0.9273285840340496	0.9253039682767106	0.8445428916633105	0.844403677462888	0.8625106746370623	0.8178137651821862	0.6889933180345573	0.8178137651821862
335	0.9264484714003944	0.9241561572319725	0.8449456302859444	0.8448675775978407	0.8541666666666666	0.8299595141700404	0.6898369782989223	0.8299595141700404
336	0.9265052423959308	0.9244763710392196	0.8473620620217479	0.8473093792172739	0.8531353135313532	0.8372469635627531	0.6946861411152397	0.8372469635627531
337	0.9257500259524551	0.924146168428987	0.8405155054369714	0.8404225708502024	0.8516345347862532	0.8226720647773279	0.6809657581049275	0.8226720647773279
338	0.9229637054915394	0.9206538870700111	0.8437374144180427	0.8436319163292847	0.8567818028643639	0.8234817813765182	0.6874029830599986	0.8234817813765182
339	0.9222448224852072	0.9182793120531663	0.8385018123238018	0.8384320175438597	0.8463455149501661	0.8251012145748988	0.6769525368110709	0.8251012145748988
340	0.9235791030831516	0.9211207220707334	0.8401127668143374	0.8400303643724696	0.8497495826377296	0.8242914979757086	0.6801668613945326	0.8242914979757086
341	0.9259706218208243	0.924557789264687	0.8437374144180427	0.8436656545209176	0.8520365752285952	0.8299595141700404	0.687424078823053	0.8299595141700404
342	0.9250058393023981	0.9224714971456703	0.8449456302859444	0.8448507085020243	0.8565436241610739	0.8267206477732794	0.6898265120614822	0.8267206477732794
343	0.924877374649642	0.9234223798907819	0.8449456302859444	0.8448717948717949	0.8535773710482529	0.8307692307692308	0.6898395947479196	0.8307692307692308
344	0.9242042328454271	0.9231370367051349	0.842126459927507	0.842042004048583	0.8521303258145363	0.8259109311740891	0.6841936545161589	0.8259109311740891
345	0.925223515519568	0.9238710166587794	0.8413209826822392	0.8411774628879892	0.8597091531223268	0.8137651821862348	0.6825449053802086	0.8137651821862348
346	0.923957360116267	0.9218304559558302	0.8413209826822392	0.8411858974358974	0.8584825234441603	0.8153846153846154	0.6825502619612078	0.8153846153846154
347	0.9230581075469739	0.9208496117804946	0.8429319371727748	0.842839068825911	0.854149203688181	0.8251012145748988	0.6857996102548529	0.8251012145748988
348	0.9247154962109415	0.9234619183375693	0.8429319371727748	0.842877024291498	0.8488852188274154	0.8323886639676114	0.6858234639133516	0.8323886639676114
349	0.9221938907920688	0.9211854399393624	0.8393072895690696	0.8391784750337382	0.8554421768707483	0.8145748987854251	0.6785257802843994	0.8145748987854251
350	0.9238853420533584	0.921945184329215	0.8401127668143374	0.8399924089068826	0.8550847457627119	0.8170040485829959	0.6801425769303777	0.8170040485829959
351	0.9215807640402783	0.9197375490942237	0.8344744260974627	0.8342822199730094	0.8595113438045375	0.7975708502024291	0.6688154713940371	0.7975708502024291
352	0.924590600020762	0.9216508827321557	0.8461538461538461	0.8460990215924427	0.8521882741535921	0.8356275303643724	0.6922681108074367	0.8356275303643724
353	0.9237902911865462	0.9189600198275187	0.8493757551349175	0.8492957152496626	0.8590492076730609	0.8340080971659919	0.6986975080562163	0.8340080971659919
354	0.9231547804422298	0.9189562716603072	0.8453483689085783	0.8452597840755736	0.8560669456066946	0.8283400809716599	0.6906360722119116	0.8283400809716599
355	0.9263884563479705	0.9238941079977215	0.8449456302859444	0.8447916666666666	0.8651202749140894	0.8153846153846154	0.6897898746672628	0.8153846153846154
356	0.9249010562649227	0.9238245479289173	0.8489730165122835	0.8488655533063427	0.8625632377740303	0.8283400809716599	0.6978753200517989	0.8283400809716599
357	0.9231336940724593	0.9205970616534978	0.842529198550141	0.8425016869095816	0.8447712418300654	0.8372469635627531	0.6850351526091376	0.8372469635627531
358	0.9239184314336137	0.9232800903379882	0.8409182440596054	0.8408527327935222	0.8482587064676617	0.8283400809716599	0.6817888490073432	0.8283400809716599
359	0.9241017206477733	0.9232725719701185	0.8441401530406766	0.8440620782726045	0.8533333333333334	0.8291497975708502	0.6882257418225531	0.8291497975708502
360	0.9256533530571992	0.9243196868226965	0.846959323399114	0.8468496963562753	0.8607594936708861	0.8259109311740891	0.6938456995824018	0.8259109311740891
361	0.9219155507110974	0.9203122463086415	0.8485702778896497	0.8484606950067477	0.8624472573839662	0.8275303643724696	0.6970683764289028	0.8275303643724696
362	0.9240222412540227	0.9228626574899554	0.8501812323801853	0.8500885627530365	0.8616932103939648	0.8323886639676114	0.7003011667046288	0.8323886639676114
363	0.924536424270736	0.923368613936625	0.8485702778896497	0.8484859986504724	0.858813700918964	0.8323886639676114	0.6970837094338668	0.8323886639676114
364	0.9272406700923906	0.9275326100825729	0.8493757551349175	0.8492493252361674	0.8657604078164826	0.8251012145748988	0.6986695463633985	0.8251012145748988
365	0.9258982793522268	0.9250522544256256	0.8493757551349175	0.8492451079622132	0.8663829787234043	0.8242914979757086	0.6986670041339745	0.8242914979757086
366	0.926620082009758	0.9251236737521564	0.8517921868707209	0.851674257759784	0.8670618120237087	0.8291497975708502	0.7035087275273553	0.8291497975708502
367	0.9238207853212914	0.9219841606473755	0.8457511075312123	0.8456688596491229	0.8555926544240401	0.8299595141700404	0.6914456118743224	0.8299595141700404
368	0.924112101629814	0.9230286726184392	0.8461538461538461	0.8461074561403509	0.8510288065843621	0.8372469635627531	0.6922733024040488	0.8372469635627531
369	0.924037812727084	0.9230711672474385	0.8405155054369714	0.8405111336032389	0.8396761133603239	0.8396761133603239	0.6810222672064777	0.8396761133603239
370	0.9266781506280495	0.926409458526797	0.8437374144180427	0.8437626518218624	0.8390712570056045	0.848582995951417	0.6874847132844721	0.848582995951417
371	0.9271024732689712	0.92651807398941	0.8465565847764801	0.8464743589743591	0.8564273789649416	0.8307692307692308	0.6930568619428639	0.8307692307692308
372	0.923220634797052	0.9219080196355874	0.8429319371727748	0.842914979757085	0.8437754271765663	0.8396761133603239	0.6858473139502518	0.8396761133603239
373	0.9243297778469843	0.9235320316824316	0.8340716874748288	0.8340882253711202	0.8305220883534137	0.8372469635627531	0.6681482730991439	0.8372469635627531
374	0.9237357910308315	0.9208114260428789	0.8433346757954088	0.8432101889338732	0.8590831918505942	0.8194331983805668	0.6865854224404483	0.8194331983805668
375	0.9238146216132045	0.9227992568743307	0.837696335078534	0.8375843454790823	0.8513513513513513	0.8161943319838056	0.6753139381361545	0.8161943319838056
376	0.9204424244783557	0.919851840554336	0.8360853805879984	0.8359986504723347	0.8461538461538461	0.8194331983805668	0.672107844998123	0.8194331983805668
377	0.9229520268867436	0.9209182012364272	0.8389045509464358	0.8387862685560055	0.8535139712108383	0.8161943319838056	0.6777268777471253	0.8161943319838056
378	0.9250557977784699	0.9226141877108318	0.8409182440596054	0.8409286437246963	0.8381642512077294	0.8429149797570851	0.6818371589907518	0.8429149797570851
379	0.9239742292120834	0.9222502233679101	0.8352799033427306	0.8351467611336032	0.8517887563884157	0.8097165991902834	0.6704660021344897	0.8097165991902834
380	0.923487945084605	0.9217550443715591	0.833266210229561	0.8330802968960864	0.8572671888598782	0.7975708502024291	0.6664022882793186	0.7975708502024291
381	0.9212073730924946	0.9194449555277081	0.8397100281917036	0.8396339406207827	0.8484596169858452	0.8251012145748988	0.6793652936065394	0.8251012145748988
382	0.9227719817294715	0.9207690676972248	0.8417237213048732	0.8416497975708501	0.8502495840266223	0.8275303643724696	0.683394703210214	0.8275303643724696
383	0.9220569915914046	0.9206161508407658	0.8389045509464358	0.8388368758434548	0.8464730290456431	0.8259109311740891	0.6777595006115821	0.8259109311740891
384	0.9229646787086058	0.920592752157068	0.842529198550141	0.8424173414304994	0.856418918918919	0.8210526315789474	0.6849820094571623	0.8210526315789474
385	0.9228397825184262	0.9213065105697681	0.8453483689085783	0.8452429149797571	0.8584667228306655	0.8251012145748988	0.690625632719174	0.8251012145748988
386	0.9242778729367799	0.9218687754229509	0.8453483689085783	0.8452429149797571	0.8584667228306655	0.8251012145748988	0.690625632719174	0.8251012145748988
387	0.924448834734766	0.9216911283118968	0.8485702778896497	0.8484564777327935	0.8630600169061707	0.8267206477732794	0.697065820777161	0.8267206477732794
388	0.9245704868680577	0.9224127878590515	0.8441401530406766	0.8440747300944669	0.851575456053068	0.8315789473684211	0.6882336318122577	0.8315789473684211
389	0.9244663526419599	0.9234879742218987	0.8445428916633105	0.8444711538461538	0.8528678304239401	0.8307692307692308	0.689035294911594	0.8307692307692308
390	0.9239216754905013	0.9212757139911548	0.8453483689085783	0.8452344804318488	0.8596787827557059	0.8234817813765182	0.69062041270859	0.8234817813765182
391	0.9227901484480432	0.9196584733417978	0.8453483689085783	0.8452640013495276	0.8554720133667502	0.8291497975708502	0.6906386819750128	0.8291497975708502
392	0.9244637573964496	0.9208145248558252	0.842529198550141	0.8424089068825911	0.8576271186440678	0.8194331983805668	0.6849766941556114	0.8194331983805668
393	0.9226607105782206	0.9199209142126215	0.8409182440596054	0.8408021255060729	0.8553299492385786	0.8186234817813766	0.6817566342004582	0.8186234817813766
394	0.924398876258694	0.9207819053784171	0.8465565847764801	0.8464912280701754	0.8540630182421227	0.8340080971659919	0.6930672189159437	0.8340080971659919
395	0.9234746444513651	0.9206699084341926	0.8433346757954088	0.8432312753036437	0.8560606060606061	0.8234817813765182	0.6865986426121912	0.8234817813765182
396	0.9256118291290356	0.9233444792279403	0.8437374144180427	0.8436192645074224	0.8585944115156647	0.8210526315789474	0.6873950714147115	0.8210526315789474
397	0.9239580089276445	0.9229166428184685	0.8360853805879984	0.8359480431848854	0.8532423208191127	0.8097165991902834	0.6720746487131787	0.8097165991902834
398	0.9229799257759785	0.9201349867538069	0.8437374144180427	0.8436487854251012	0.8543933054393306	0.8267206477732794	0.6874135312974523	0.8267206477732794
399	0.9235018945292226	0.9219224268536336	0.8409182440596054	0.840844298245614	0.8494176372712147	0.8267206477732794	0.6817834803257876	0.8267206477732794
400	0.9226045883940621	0.9210575013311368	0.8441401530406766	0.8440705128205128	0.8521594684385382	0.8307692307692308	0.688231001860061	0.8307692307692308
401	0.9227045053462057	0.9213470343145262	0.8429319371727748	0.842877024291498	0.8488852188274154	0.8323886639676114	0.6858234639133516	0.8323886639676114
402	0.923512599916952	0.9229772351698794	0.8453483689085783	0.845272435897436	0.8542880932556203	0.8307692307692308	0.6906439013691235	0.8307692307692308
403	0.9254308107546975	0.925366897196573	0.8405155054369714	0.8403466599190283	0.8625756266205704	0.8080971659919028	0.68091730579391	0.8080971659919028
404	0.9243206944876985	0.9223923062646371	0.8473620620217479	0.8472840755735493	0.8566666666666667	0.8323886639676114	0.69467068772803	0.8323886639676114
405	0.9236975111595556	0.9217372256331685	0.8437374144180427	0.8437246963562752	0.8440292445166532	0.8412955465587044	0.6874609895578536	0.8412955465587044
406	0.9249146813038513	0.9230336870411869	0.8501812323801853	0.8502361673414305	0.8416468725257323	0.8607287449392712	0.7003896301044074	0.8607287449392712
407	0.9230847088134537	0.9188161442314736	0.8489730165122835	0.8489035087719299	0.8571428571428571	0.8356275303643724	0.6978982576163382	0.8356275303643724
408	0.9259433717429669	0.9230701361475417	0.8445428916633105	0.844403677462888	0.8625106746370623	0.8178137651821862	0.6889933180345573	0.8178137651821862
409	0.9252270839821448	0.9231537139173565	0.8445428916633105	0.8444416329284751	0.8570227081581161	0.8251012145748988	0.6890169314222564	0.8251012145748988
410	0.9251378724177307	0.9228332733306905	0.8445428916633105	0.8444922402159244	0.8499587798845837	0.8348178137651822	0.6890484103619601	0.8348178137651822
411	0.9239975864216755	0.9221922492457495	0.842529198550141	0.8424763832658569	0.8481848184818482	0.8323886639676114	0.6850192115463292	0.8323886639676114
412	0.9273227447316515	0.9256892876030781	0.8433346757954088	0.8432734480431849	0.8501655629139073	0.8315789473684211	0.6866250796101108	0.8315789473684211
413	0.9272088783348905	0.9264224455832982	0.8465565847764801	0.8464743589743591	0.8564273789649416	0.8307692307692308	0.6930568619428639	0.8307692307692308
414	0.9273963848230043	0.927070909387103	0.8505839710028191	0.8505355937921728	0.8558484349258649	0.8412955465587044	0.701133281878034	0.8412955465587044
415	0.9256763858611023	0.9249243045016126	0.8465565847764801	0.8465334008097165	0.8482871125611745	0.8421052631578947	0.6930931082910535	0.8421052631578947
416	0.9285850072666874	0.9271146964012776	0.8493757551349175	0.8493294534412955	0.854320987654321	0.8404858299595142	0.6987178405735976	0.8404858299595142
417	0.9294501972386587	0.9293865317621114	0.8501812323801853	0.8501307354925776	0.8557295960428689	0.8404858299595142	0.7003264472918371	0.8404858299595142
418	0.9284571914253089	0.9274494998424911	0.8505839710028191	0.850506072874494	0.86	0.8356275303643724	0.7011156336335069	0.8356275303643724
419	0.928157116163189	0.9272340406547498	0.8489730165122835	0.8489667678812416	0.8484602917341977	0.8477732793522267	0.6979364791518183	0.8477732793522267
420	0.9253646319941866	0.9256408050993813	0.8453483689085783	0.8452808704453441	0.8531120331950207	0.8323886639676114	0.6906491205871188	0.8323886639676114
421	0.9238953986297103	0.9242694936477842	0.8433346757954088	0.8432734480431849	0.8501655629139073	0.8315789473684211	0.6866250796101108	0.8315789473684211
422	0.9242292120834631	0.9219318897293154	0.8429319371727748	0.8428517206477733	0.8523769808173478	0.8275303643724696	0.6858075618768031	0.8275303643724696
423	0.9251884797051804	0.9235003534003839	0.8461538461538461	0.8460695006747638	0.8563074352548037	0.8299595141700404	0.6922499388397263	0.8299595141700404
424	0.9264867512716705	0.9259912695848811	0.8501812323801853	0.8500927800269906	0.8610878661087866	0.8331983805668016	0.7003036949552893	0.8331983805668016
425	0.9207071395203986	0.9197790344666936	0.838099073701168	0.8380862010796222	0.8383428107229894	0.8356275303643724	0.676183808768704	0.8356275303643724
426	0.926231443994602	0.9259967393816135	0.8441401530406766	0.8439861673414305	0.8642611683848798	0.8145748987854251	0.6881783934967032	0.8145748987854251
427	0.9262178189556733	0.9253233028215461	0.8437374144180427	0.8435981781376518	0.8616567036720751	0.8170040485829959	0.6873818844492441	0.8170040485829959
428	0.9215454038202013	0.9194584477222657	0.8385018123238018	0.8384741902834008	0.8406862745098039	0.8331983805668016	0.6769797856681947	0.8331983805668016
429	0.9225367876051075	0.9216308156848492	0.8417237213048732	0.8417004048582997	0.8433931484502447	0.8372469635627531	0.6834267494970709	0.8372469635627531
430	0.9231826793314648	0.921005990657333	0.8356826419653645	0.835501012145749	0.8592528236316247	0.8008097165991903	0.6712398116741761	0.8008097165991903
431	0.9229053124675595	0.9217305771306988	0.8385018123238018	0.8384193657219973	0.8480801335559266	0.8226720647773279	0.67694436125745	0.8226720647773279
432	0.9208787501297623	0.9196790914214101	0.8401127668143374	0.8399966261808367	0.8544839255499154	0.8178137651821862	0.6801452753862832	0.8178137651821862
433	0.9237643387314439	0.9234051132240396	0.8372935964559001	0.8371837044534413	0.850632911392405	0.8161943319838056	0.6745096385033956	0.8161943319838056
434	0.9216213147513754	0.9195323844911737	0.838099073701168	0.8380398110661269	0.8444995864350703	0.8267206477732794	0.6761537617991177	0.8267206477732794
435	0.9241967715145853	0.923235415480101	0.8433346757954088	0.8431131916329284	0.8736749116607774	0.8008097165991903	0.686524595282195	0.8008097165991903
436	0.9207025978407558	0.9189433179916026	0.8389045509464358	0.8386934885290148	0.8671943711521548	0.7983805668016194	0.6776670520036114	0.7983805668016194
437	0.9187392946122702	0.9185755179955366	0.8372935964559001	0.8371373144399461	0.8572656921754084	0.8072874493927126	0.6744794303263475	0.8072874493927126
438	0.9208012171701444	0.920277651771678	0.8372935964559001	0.8371415317139002	0.8566523605150215	0.8080971659919028	0.6744821767559587	0.8080971659919028
439	0.9211411943319838	0.9208289180665665	0.8397100281917036	0.8396002024291498	0.8531645569620253	0.8186234817813766	0.6793436537731472	0.8186234817813766
440	0.9214130462991799	0.9193660786520016	0.8348771647200967	0.8347587719298246	0.8492802709568162	0.8121457489878543	0.6696700496908035	0.8121457489878543
441	0.9225351655766636	0.9232749986741371	0.8368908578332662	0.8368589743589744	0.839607201309329	0.8307692307692308	0.6737548870341239	0.8307692307692308
442	0.9214007188830063	0.9187943826961142	0.8417237213048732	0.8417594466936572	0.835725677830941	0.848582995951417	0.6834641286334175	0.848582995951417
443	0.9225569007578118	0.9208942935728948	0.842529198550141	0.8424763832658569	0.8481848184818482	0.8323886639676114	0.6850192115463292	0.8323886639676114
444	0.9224073497352849	0.9206504944155313	0.842126459927507	0.84207995951417	0.8469135802469135	0.8331983805668016	0.684217629692113	0.8331983805668016
445	0.922845946226513	0.9214899513140791	0.8401127668143374	0.8400303643724696	0.8497495826377296	0.8242914979757086	0.6801668613945326	0.8242914979757086
446	0.9217348567424479	0.9203416633571107	0.8389045509464358	0.8387230094466936	0.8627280625543006	0.8040485829959514	0.6776860898766432	0.8040485829959514
447	0.9192716443475553	0.9181651143579427	0.8356826419653645	0.8354967948717948	0.8598781549173194	0.8	0.6712370377245458	0.8
448	0.9192804033011525	0.9178542689606236	0.8417237213048732	0.8416624493927125	0.8485099337748344	0.8299595141700404	0.6834027153901634	0.8299595141700404
449	0.9235722905636873	0.922831831446691	0.8445428916633105	0.8444458502024292	0.8564231738035264	0.8259109311740891	0.6890195549106616	0.8259109311740891
450	0.922130956088446	0.9214506017910516	0.8405155054369714	0.840401484480432	0.8546069315300084	0.8186234817813766	0.6809523006057334	0.8186234817813766
451	0.9224498468805148	0.9210306288516262	0.838099073701168	0.8379639001349528	0.855072463768116	0.8121457489878543	0.6761045820010293	0.8121457489878543
452	0.9227856067684004	0.9195833797628036	0.842529198550141	0.8424299932523617	0.8546218487394958	0.8234817813765182	0.6849899820731836	0.8234817813765182
453	0.9227113178656702	0.9207686345509417	0.8433346757954088	0.8433114035087719	0.8450244698205547	0.8388663967611336	0.6866488690950652	0.8388663967611336
454	0.922477421364061	0.9206694471426924	0.838099073701168	0.8379259446693657	0.8606060606060606	0.8048582995951417	0.6760799865001688	0.8048582995951417
455	0.9223762067891623	0.9214907061927554	0.8401127668143374	0.8399755398110662	0.8575085324232082	0.8137651821862348	0.6801317826514298	0.8137651821862348
456	0.9243680577182601	0.9224356491487786	0.8393072895690696	0.8391658232118759	0.8572649572649572	0.8121457489878543	0.6785176435848221	0.8121457489878543
457	0.9246139572303539	0.9225630263154726	0.8437374144180427	0.8436023954116059	0.8610400682011935	0.8178137651821862	0.6873845219313417	0.8178137651821862
458	0.9249039759161217	0.922495600133093	0.837696335078534	0.8375548245614035	0.8555555555555555	0.8105263157894737	0.6752947628187551	0.8105263157894737
459	0.9239797441087929	0.9216434557486063	0.8481675392670157	0.8480727058029689	0.8598993288590604	0.8299595141700404	0.6962716754472176	0.8299595141700404
460	0.9254395697082946	0.9237760300036078	0.8457511075312123	0.8456519905533064	0.8579831932773109	0.8267206477732794	0.6914351998312771	0.8267206477732794
461	0.9256134511574796	0.9236770139731199	0.8372935964559001	0.8371162280701754	0.8603642671292281	0.8032388663967611	0.674465697483104	0.8032388663967611
462	0.9260371249870236	0.9236696017308101	0.842529198550141	0.842442645074224	0.8528428093645485	0.8259109311740891	0.6849979542856661	0.8259109311740891
463	0.9237224903975917	0.9203979617824027	0.842529198550141	0.8425480769230769	0.8386837881219904	0.8461538461538461	0.6850643737006128	0.8461538461538461
464	0.9246379632513236	0.9235786159187855	0.8477648006443818	0.8477226720647772	0.8520953163516845	0.8396761133603239	0.695498140040995	0.8396761133603239
465	0.9210085124052734	0.9188614288923843	0.8328634716069271	0.8327555668016194	0.845699831365936	0.8121457489878543	0.6656486875239906	0.8121457489878543
466	0.9234707515830998	0.9223338826220823	0.8493757551349175	0.849308367071525	0.8572614107883817	0.8364372469635628	0.6987051330718292	0.8364372469635628
467	0.9221854562441606	0.9202799437777056	0.8409182440596054	0.8409244264507423	0.8387096774193549	0.8421052631578947	0.681834475487612	0.8421052631578947
468	0.9242382954427488	0.9227910001991149	0.8397100281917036	0.8396170715249662	0.8507963118189439	0.8218623481781376	0.6793544740549524	0.8218623481781376
469	0.9238340859545313	0.9208295282389924	0.8453483689085783	0.8452850877192982	0.8525269262634632	0.8331983805668016	0.6906517301300761	0.8331983805668016
470	0.9249970803488009	0.9225322303652116	0.8497784937575513	0.849675269905533	0.8627946127946128	0.8299595141700404	0.6994891868749288	0.8299595141700404
471	0.9217254489774733	0.9188513057043303	0.8429319371727748	0.8427673751686909	0.8645383951682485	0.8113360323886639	0.6857545434602859	0.8113360323886639
472	0.9230882772760303	0.921167693995443	0.8397100281917036	0.8395411605937921	0.8617113223854796	0.8072874493927126	0.6793057770352933	0.8072874493927126
473	0.9231697031039136	0.9210824091710873	0.8397100281917036	0.8395622469635627	0.8586118251928021	0.8113360323886639	0.6793193054688422	0.8113360323886639
474	0.9239009135264198	0.9225322351564803	0.8413209826822392	0.8412365047233468	0.8512949039264829	0.8251012145748988	0.6825823976514455	0.8251012145748988
475	0.9230350747430708	0.9220920084844709	0.8393072895690696	0.8391911268556005	0.8536379018612521	0.8170040485829959	0.6785339165721083	0.8170040485829959
476	0.9232491824976643	0.9234649828210357	0.8449456302859444	0.8448970985155195	0.8500823723228995	0.8356275303643724	0.689855292514941	0.8356275303643724
477	0.9185008564310183	0.9184570448888165	0.8324607329842932	0.8322747975708502	0.856396866840731	0.7967611336032389	0.6647907051309094	0.7967611336032389
478	0.9195710707982974	0.9175253644676049	0.8364881192106323	0.836373987854251	0.8503803888419273	0.8145748987854251	0.6728955405200197	0.8145748987854251
479	0.9221075988788539	0.9214558977747181	0.8328634716069271	0.832557354925776	0.8754578754578755	0.7740890688259109	0.6655160627402659	0.7740890688259109
480	0.920439180421468	0.9179885037541946	0.8356826419653645	0.8355305330634278	0.8549356223175966	0.8064777327935223	0.6712592280109682	0.8064777327935223
481	0.9210370601058859	0.9197321550571418	0.837696335078534	0.8375674763832659	0.8537414965986394	0.8129554655870446	0.6753029810892555	0.8129554655870446
482	0.9226947731755424	0.9210986618231749	0.8397100281917036	0.8395369433198381	0.8623376623376623	0.8064777327935223	0.6793030712116099	0.8064777327935223
483	0.9226169158102356	0.919538582007852	0.8449456302859444	0.8448464912280702	0.8571428571428571	0.8259109311740891	0.6898238953917537	0.8259109311740891
484	0.9214162903560676	0.9187525762544458	0.8465565847764801	0.8463942307692307	0.868103448275862	0.8153846153846154	0.6930076567740302	0.8153846153846154
485	0.920820681511471	0.9174302296592772	0.8437374144180427	0.8435897435897436	0.8628963153384748	0.8153846153846154	0.6873766093515347	0.8153846153846154
486	0.9202841145022319	0.9160512961576442	0.8324607329842932	0.8322115384615385	0.8659517426273459	0.7846153846153846	0.6647482742907292	0.7846153846153846
487	0.9233345011938129	0.9210832937876858	0.8449456302859444	0.8447874493927126	0.8657487091222031	0.8145748987854251	0.6897872573793382	0.8145748987854251
488	0.9212044534412955	0.9179769416288386	0.842126459927507	0.8419998313090418	0.8581138487680544	0.8178137651821862	0.684167011161637	0.8178137651821862
489	0.9224978589224541	0.9202905781495782	0.8437374144180427	0.8435939608636978	0.8622754491017964	0.8161943319838056	0.6873792469226421	0.8161943319838056
490	0.9216008771929826	0.9186602584606652	0.842529198550141	0.8423456477732794	0.8669565217391304	0.8072874493927126	0.6849368236758284	0.8072874493927126
491	0.9245082009758123	0.9227724435377371	0.846959323399114	0.8468454790823212	0.8613693998309383	0.8251012145748988	0.6938431167428755	0.8251012145748988
492	0.9227872287968443	0.9212506720690015	0.8457511075312123	0.8456941632928474	0.8520661157024794	0.8348178137651822	0.6914612286214387	0.8348178137651822
493	0.9226315140662308	0.9206122831578177	0.8393072895690696	0.8391826923076924	0.8548387096774194	0.8153846153846154	0.678528492426064	0.8153846153846154
494	0.9233766739333541	0.9224337374004765	0.8473620620217479	0.8473220310391363	0.8513957307060755	0.8396761133603239	0.694693867222262	0.8396761133603239
495	0.9229980924945499	0.9217485141121274	0.8457511075312123	0.8456562078272605	0.8573825503355704	0.8275303643724696	0.691437802907916	0.8275303643724696
496	0.9222548790615592	0.9216970700488614	0.8461538461538461	0.8461243252361673	0.848732624693377	0.8404858299595142	0.6922836850717816	0.8404858299595142
497	0.9231849501712863	0.9225668195163546	0.8489730165122835	0.8489752024291498	0.8473344103392568	0.8493927125506073	0.6979415746258271	0.8493927125506073
498	0.9231771644347555	0.9227234876625731	0.8449456302859444	0.8448717948717949	0.8535773710482529	0.8307692307692308	0.6898395947479196	0.8307692307692308
499	0.9243959566074951	0.9239646585577933	0.8445428916633105	0.8444205465587045	0.8600508905852418	0.8210526315789474	0.6890038133162353	0.8210526315789474
